16
29
48
54
72
80
86
94
102
105
120
121
136
160
164
168
195
217
223
234
234
256
257
284
288
290
306
332
341
354
375
390
391
429
437
439
457
464
497
499
518
520
529
580
581
595
596
612
625
630
637
638
654
655
678
685
687
693
698
726
736
738
745
748
766
771
784
786
802
805
817
820
867
923
930
946
949
951
969
972
997
1000
1005
1024
1031
1038
1038
1039
1049
1069
1073
1079
1102
1108
1111
1119
1120
1144
1147
1158
1164
1170
1173
1174
1231
1235
1239
1242
1257
1261
1267
1267
1280
1296
1326
1344
1352
1374
1405
1414
1420
1435
1466
1469
1469
1471
1471
1473
1505
1517
1520
1532
1533
1539
1543
1550
1556
1564
1568
1584
1588
1613
1642
1649
1659
1664
1679
1681
1685
1732
1739
1768
1769
1770
1785
1801
1812
1820
1844
1848
1852
1860
1860
1861
1863
1882
1944
1954
1958
1961
1972
1990
1997
2012
2014
2017
2018
2025
2031
2036
2040
2042
2061
2064
2087
2113
2142
2151
2152
2172
2176
2176
2176
2196
2196
2224
2226
2228
2241
2242
2243
2261
2263
2282
2290
2296
2336
2336
2343
2348
2354
2359
2359
2361
2376
2376
2381
2395
2396
2396
2402
2420
2437
2454
2474
2476
2517
2543
2548
2550
2553
2559
2565
2569
2583
2589
2592
2613
2635
2638
2638
2666
2683
2720
2723
2727
2733
2761
2766
2776
2801
2814
2816
2835
2836
2849
2857
2866
2874
2880
2883
2884
2887
2899
2901
2915
2925
2928
2929
2932
2965
2975
2990
3002
3002
3020
3021
3034
3036
3037
3055
3063
3067
3079
3080
3088
3092
3100
3121
3125
3159
3162
3174
3182
3186
3191
3195
3215
3222
3230
3241
3251
3259
3266
3276
3279
3299
3315
3338
3345
3364
3374
3378
3382
3384
3405
3408
3418
3464
3472
3474
3491
3493
3495
3502
3509
3529
3532
3535
3548
3580
3597
3608
3621
3626
3638
3648
3656
3660
3660
3663
3681
3682
3692
3696
3710
3745
3747
3765
3775
3775
3780
3780
3796
3800
3818
3842
3852
3859
3860
3862
3874
3893
3922
3922
3929
3942
3942
3945
3950
3956
3958
3978
3982
3988
4010
4028
4030
4035
4036
4041
4044
4058
4099
4125
4133
4143
4149
4160
4193
4198
4202
4206
4220
4239
4243
4245
4267
4295
4327
4333
4350
4356
4356
4363
4368
4393
4394
4397
4399
4403
4426
4427
4428
4432
4437
4438
4447
4460
4477
4491
4513
4528
4552
4597
4633
4658
4665
4666
4669
4670
4714
4743
4750
4758
4768
4774
4775
4788
4836
4840
4841
4847
4848
4862
4887
4888
4889
4892
4906
4910
4915
4916
4917
4928
4931
4954
4961
4970
4975
4978
5024
5026
5035
5036
5049
5059
5062
5077
5083
5091
5100
5177
5195
5230
5230
5233
5252
5254
5270
5296
5310
5312
5315
5316
5321
5378
5383
5399
5421
5421
5448
5451
5454
5464
5477
5511
5513
5525
5527
5561
5564
5581
5589
5589
5600
5614
5623
5628
5628
5628
5630
5638
5643
5650
5657
5663
5677
5700
5729
5733
5735
5736
5739
5744
5760
5767
5777
5778
5784
5794
5802
5822
5827
5831
5854
5854
5865
5867
5875
5883
5893
5896
5897
5911
5917
5918
5922
5944
5962
5963
5967
5980
5983
5998
6003
6008
6013
6024
6030
6048
6055
6066
6068
6072
6081
6095
6097
6103
6137
6168
6169
6169
6177
6178
6179
6185
6218
6234
6243
6252
6272
6279
6279
6280
6285
6313
6332
6333
6351
6356
6361
6369
6380
6388
6408
6419
6428
6448
6476
6492
6497
6500
6503
6508
6509
6526
6550
6568
6572
6572
6591
6594
6619
6623
6634
6636
6667
6685
6690
6695
6709
6735
6741
6752
6765
6784
6792
6796
6796
6799
6808
6813
6821
6828
6836
6860
6869
6870
6871
6871
6883
6892
6895
6914
6917
6932
6953
6955
6961
6969
6974
6974
6993
7012
7015
7027
7038
7045
7065
7070
7070
7075
7080
7095
7096
7115
7141
7153
7176
7183
7187
7211
7218
7222
7241
7273
7284
7285
7286
7295
7301
7310
7336
7340
7341
7351
7395
7400
7416
7416
7417
7434
7441
7444
7448
7476
7479
7485
7488
7494
7505
7515
7543
7559
7570
7598
7602
7607
7611
7643
7667
7686
7688
7695
7699
7707
7725
7733
7738
7743
7754
7765
7774
7775
7796
7803
7805
7835
7836
7840
7855
7863
7874
7881
7884
7895
7898
7905
7917
7921
7925
7960
7963
7963
7966
7987
7993
7999
8001
8007
8008
8042
8048
8089
8104
8109
8151
8178
8179
8186
8192
8195
8196
8224
8233
8249
8251
8257
8260
8262
8271
8277
8279
8284
8303
8303
8304
8308
8329
8329
8333
8351
8380
8397
8403
8416
8417
8423
8435
8449
8452
8453
8456
8464
8468
8469
8474
8481
8515
8524
8536
8536
8544
8550
8552
8566
8567
8567
8573
8598
8612
8620
8625
8628
8634
8643
8652
8669
8673
8686
8698
8699
8720
8745
8748
8751
8755
8761
8799
8818
8830
8843
8853
8872
8882
8888
8922
8927
8931
8940
8949
8962
8987
8988
8999
9019
9048
9050
9054
9077
9078
9080
9082
9093
9096
9103
9106
9125
9129
9151
9165
9166
9174
9175
9182
9182
9187
9189
9222
9224
9233
9234
9240
9277
9282
9295
9302
9333
9338
9354
9361
9364
9368
9369
9369
9385
9387
9402
9418
9419
9420
9425
9425
9459
9464
9472
9473
9474
9480
9487
9493
9495
9497
9498
9512
9520
9525
9541
9551
9556
9575
9580
9588
9591
9611
9611
9624
9641
9665
9687
9696
9699
9710
9713
9718
9724
9762
9767
9779
9790
9799
9799
9808
9827
9829
9832
9836
9839
9849
9863
9868
9874
9879
9889
9902
9912
9925
9938
9984
10007
10007
10032
10050
10063
10069
10087
10127
10127
10128
10134
10135
10144
10150
10155
10157
10180
10190
10199
10244
10249
10249
10257
10263
10271
10297
10304
10316
10329
10331
10338
10356
10357
10357
10360
10369
10370
10388
10395
10398
10409
10413
10427
10433
10434
10436
10443
10470
10471
10497
10501
10524
10526
10533
10541
10542
10566
10580
10598
10600
10618
10625
10632
10638
10648
10683
10699
10700
10720
10735
10750
10753
10757
10768
10774
10775
10788
10796
10802
10827
10846
10848
10856
10858
10862
10866
10870
10872
10884
10902
10916
10926
10950
10952
10961
10997
10998
10999
11000
11006
11008
11013
11021
11026
11030
11037
11049
11051
11056
11057
11064
11119
11138
11147
11153
11159
11163
11170
11189
11199
11201
11203
11219
11228
11246
11248
11257
11279
11280
11309
11315
11317
11323
11339
11358
11363
11380
11395
11406
11410
11410
11421
11456
11461
11465
11472
11503
11510
11511
11525
11526
11532
11565
11572
11597
11612
11625
11627
11642
11648
11654
11654
11680
11686
11700
11734
11763
11766
11783
11808
11829
11857
11860
11880
11882
11888
11889
11897
11905
11918
11921
11936
11949
11954
11974
11974
12020
12023
12033
12063
12083
12083
12088
12113
12116
12120
12130
12143
12146
12148
12193
12195
12206
12208
12208
12215
12222
12249
12257
12262
12275
12276
12277
12290
12298
12303
12310
12315
12317
12322
12341
12376
12398
12403
12404
12417
12424
12432
12449
12452
12458
12472
12486
12529
12530
12537
12551
12564
12571
12581
12583
12587
12609
12616
12624
12626
12633
12642
12648
12652
12655
12663
12667
12669
12676
12677
12693
12702
12704
12725
12742
12744
12750
12769
12793
12808
12814
12817
12826
12833
12840
12841
12846
12869
12928
12932
12934
12997
13001
13002
13009
13017
13023
13024
13031
13045
13069
13075
13079
13098
13112
13121
13128
13134
13151
13152
13168
13189
13195
13216
13221
13237
13243
13247
13248
13253
13274
13285
13301
13302
13313
13333
13359
13361
13384
13398
13402
13418
13450
13451
13463
13474
13491
13493
13528
13534
13537
13542
13546
13549
13557
13564
13588
13591
13601
13623
13637
13647
13661
13663
13671
13671
13672
13676
13680
13683
13701
13715
13717
13722
13727
13733
13738
13748
13750
13756
13758
13805
13815
13815
13819
13835
13836
13844
13857
13866
13867
13880
13888
13890
13895
13904
13905
13933
13958
13958
13959
13960
13968
13988
14004
14006
14019
14023
14027
14031
14032
14039
14056
14059
14077
14079
14084
14086
14109
14135
14145
14150
14156
14162
14176
14180
14181
14212
14240
14248
14282
14284
14296
14304
14305
14340
14344
14360
14362
14362
14366
14368
14369
14372
14383
14391
14401
14403
14423
14428
14429
14431
14437
14441
14446
14446
14449
14450
14459
14470
14476
14479
14487
14490
14496
14510
14513
14529
14538
14540
14571
14598
14639
14642
14648
14654
14673
14673
14684
14691
14692
14708
14717
14757
14771
14779
14806
14824
14825
14835
14841
14844
14854
14863
14879
14882
14884
14885
14891
14894
14897
14901
14903
14922
14928
14933
14940
14940
14953
14967
14969
14996
14999
15011
15013
15014
15016
15041
15064
15069
15075
15082
15114
15136
15137
15149
15161
15165
15166
15183
15185
15220
15233
15243
15245
15303
15329
15330
15376
15377
15379
15383
15404
15437
15447
15454
15455
15472
15480
15520
15545
15553
15557
15557
15559
15563
15564
15567
15585
15587
15587
15592
15599
15621
15631
15660
15667
15682
15711
15714
15716
15732
15758
15760
15780
15791
15793
15864
15880
15890
15898
15921
15921
15939
15944
15954
15968
15980
15986
15987
15998
16007
16009
16012
16016
16021
16033
16046
16048
16050
16064
16070
16073
16073
16082
16090
16106
16117
16119
16143
16150
16153
16153
16157
16166
16171
16178
16182
16182
16190
16251
16251
16259
16263
16273
16279
16315
16327
16347
16350
16358
16365
16366
16375
16385
16409
16414
16435
16443
16446
16453
16469
16470
16471
16487
16490
16523
16527
16536
16550
16559
16609
16617
16643
16668
16668
16696
16699
16706
16711
16724
16777
16780
16783
16786
16790
16792
16807
16822
16828
16829
16867
16868
16882
16883
16885
16889
16889
16916
16936
16939
16951
16964
16968
16983
17007
17016
17023
17030
17030
17032
17042
17043
17052
17053
17067
17083
17084
17084
17085
17087
17088
17093
17104
17107
17110
17120
17127
17127
17130
17140
17147
17149
17151
17153
17163
17166
17174
17186
17191
17194
17201
17214
17221
17225
17243
17256
17257
17258
17262
17284
17288
17297
17298
17305
17308
17309
17310
17319
17337
17341
17344
17349
17356
17366
17379
17382
17384
17389
17399
17407
17423
17443
17447
17465
17469
17484
17545
17552
17559
17568
17580
17583
17597
17605
17627
17629
17629
17653
17666
17667
17671
17689
17693
17695
17699
17703
17732
17745
17760
17781
17807
17827
17832
17850
17855
17897
17914
17919
17956
17967
17968
17971
17984
17996
17997
18016
18031
18046
18049
18056
18072
18075
18077
18095
18097
18109
18110
18118
18120
18142
18145
18156
18163
18164
18168
18190
18199
18205
18213
18217
18227
18230
18234
18237
18239
18271
18280
18312
18320
18323
18334
18338
18340
18349
18356
18359
18376
18379
18388
18391
18413
18419
18431
18431
18454
18454
18477
18483
18500
18508
18521
18524
18524
18530
18540
18541
18551
18563
18570
18585
18619
18619
18641
18667
18686
18687
18690
18698
18703
18708
18759
18771
18772
18775
18784
18792
18795
18814
18818
18841
18851
18851
18861
18862
18867
18878
18893
18895
18900
18904
18910
18932
18941
18946
18957
18961
18966
18970
19009
19010
19014
19058
19105
19116
19119
19180
19182
19190
19190
19193
19197
19209
19217
19240
19256
19266
19269
19279
19281
19284
19292
19296
19307
19332
19348
19358
19367
19386
19389
19401
19411
19457
19459
19463
19482
19483
19490
19497
19508
19528
19528
19530
19532
19542
19553
19553
19574
19574
19584
19585
19588
19592
19595
19596
19612
19616
19617
19625
19640
19657
19667
19689
19705
19711
19712
19714
19720
19727
19787
19796
19848
19861
19863
19873
19885
19888
19893
19901
19908
19943
19950
19957
19966
19971
19997
20020
20031
20036
20045
20046
20056
20067
20067
20070
20087
20110
20121
20139
20154
20162
20194
20213
20214
20217
20222
20242
20244
20247
20251
20263
20274
20290
20291
20292
20296
20307
20308
20333
20339
20350
20355
20363
20366
20387
20417
20425
20442
20465
20465
20484
20492
20499
20503
20521
20521
20536
20551
20563
20582
20591
20605
20623
20647
20662
20663
20668
20677
20680
20681
20682
20702
20729
20741
20797
20802
20811
20842
20846
20855
20865
20865
20869
20875
20880
20892
20907
20919
20925
20941
20950
20962
20970
20973
20984
20993
20993
21018
21057
21065
21106
21108
21123
21124
21130
21131
21140
21148
21167
21177
21188
21209
21213
21216
21228
21230
21230
21236
21237
21242
21253
21258
21270
21279
21289
21294
21300
21305
21305
21305
21308
21312
21323
21347
21357
21361
21379
21393
21413
21428
21434
21444
21452
21484
21485
21486
21494
21507
21525
21559
21597
21608
21613
21627
21633
21683
21694
21719
21729
21732
21738
21747
21767
21783
21791
21794
21802
21819
21823
21825
21841
21845
21851
21851
21879
21912
21932
21934
21936
21943
21975
21989
21996
22013
22025
22025
22043
22068
22087
22100
22108
22116
22123
22144
22174
22183
22189
22191
22194
22196
22197
22202
22209
22219
22236
22243
22261
22267
22269
22282
22283
22285
22298
22312
22328
22342
22347
22361
22384
22389
22391
22392
22404
22427
22430
22441
22456
22456
22465
22469
22489
22490
22497
22497
22506
22515
22525
22525
22531
22546
22574
22586
22594
22599
22621
22623
22626
22636
22656
22691
22705
22708
22716
22730
22734
22748
22757
22772
22781
22784
22788
22801
22818
22822
22822
22824
22832
22834
22836
22844
22850
22855
22863
22878
22885
22896
22917
22922
22934
22940
22946
22950
22973
22973
22987
22989
22996
22997
23019
23024
23027
23032
23033
23036
23037
23043
23046
23093
23093
23116
23127
23138
23148
23152
23164
23195
23207
23214
23238
23257
23265
23267
23280
23281
23285
23286
23289
23291
23298
23314
23330
23346
23349
23356
23358
23369
23372
23375
23376
23385
23412
23417
23435
23451
23461
23463
23470
23471
23500
23512
23519
23530
23541
23548
23551
23559
23561
23567
23570
23577
23597
23613
23632
23634
23653
23655
23659
23672
23678
23685
23695
23717
23726
23726
23729
23735
23752
23758
23760
23765
23785
23799
23810
23826
23831
23855
23864
23903
23906
23906
23934
23937
23954
23960
23962
23973
23976
23997
24016
24020
24025
24029
24056
24062
24076
24080
24087
24094
24100
24123
24124
24144
24152
24153
24155
24166
24211
24234
24254
24261
24277
24304
24309
24327
24342
24344
24363
24390
24415
24428
24429
24429
24438
24446
24454
24469
24483
24484
24493
24501
24513
24531
24533
24544
24549
24578
24602
24617
24617
24630
24649
24651
24658
24660
24665
24672
24674
24675
24682
24685
24697
24700
24704
24714
24733
24737
24742
24771
24772
24776
24787
24790
24809
24816
24816
24828
24828
24839
24844
24856
24858
24868
24875
24877
24880
24887
24896
24896
24900
24909
24924
24948
24964
24966
24979
24982
24985
24987
24987
24999
25016
25017
25049
25060
25062
25081
25088
25094
25098
25101
25108
25108
25114
25117
25133
25138
25153
25156
25161
25164
25174
25180
25182
25186
25203
25209
25232
25241
25241
25254
25262
25278
25283
25290
25291
25296
25298
25301
25329
25335
25336
25344
25346
25355
25375
25395
25396
25404
25411
25412
25413
25414
25414
25417
25441
25451
25459
25460
25484
25492
25499
25504
25504
25505
25508
25518
25527
25540
25547
25552
25565
25581
25601
25631
25640
25642
25650
25652
25660
25675
25688
25701
25727
25748
25751
25759
25831
25831
25833
25841
25849
25853
25855
25859
25862
25869
25900
25907
25909
25913
25926
25940
25941
25946
25958
25958
25979
25995
26002
26006
26030
26043
26046
26060
26069
26082
26103
26104
26124
26149
26150
26150
26155
26166
26166
26172
26177
26177
26183
26210
26222
26250
26251
26260
26274
26277
26281
26310
26319
26332
26345
26359
26374
26440
26445
26477
26484
26494
26495
26505
26513
26523
26528
26540
26546
26563
26567
26568
26578
26581
26597
26598
26604
26612
26615
26625
26644
26645
26653
26655
26657
26664
26691
26694
26702
26712
26719
26721
26722
26748
26756
26766
26766
26779
26781
26795
26812
26815
26833
26842
26874
26884
26892
26898
26912
26919
26942
26945
26956
26957
26958
26977
26979
26989
26999
27018
27019
27021
27023
27050
27087
27090
27092
27094
27101
27103
27123
27127
27132
27135
27151
27155
27160
27163
27167
27167
27183
27193
27195
27211
27217
27221
27224
27227
27230
27233
27247
27286
27289
27296
27301
27313
27314
27325
27330
27334
27337
27339
27340
27343
27348
27361
27369
27432
27433
27434
27438
27465
27473
27475
27479
27491
27499
27500
27503
27537
27558
27573
27585
27589
27606
27668
27678
27683
27689
27702
27705
27729
27742
27743
27744
27766
27769
27778
27784
27798
27802
27811
27815
27825
27835
27851
27852
27855
27858
27870
27876
27914
27931
27940
27941
27962
27976
27982
27984
27994
27995
28012
28012
28025
28051
28059
28066
28072
28100
28109
28110
28153
28153
28166
28189
28191
28200
28220
28223
28246
28260
28263
28265
28274
28293
28299
28300
28303
28323
28338
28351
28354
28354
28355
28358
28385
28399
28400
28407
28422
28450
28454
28463
28468
28490
28496
28509
28524
28531
28537
28562
28564
28565
28580
28599
28602
28610
28637
28637
28648
28655
28664
28696
28698
28708
28709
28718
28723
28738
28747
28753
28762
28772
28776
28792
28814
28825
28855
28860
28889
28890
28897
28908
28911
28916
28928
28934
28936
28970
28995
28999
29008
29012
29015
29016
29021
29035
29048
29054
29054
29055
29056
29066
29092
29095
29111
29111
29126
29134
29138
29138
29146
29173
29206
29209
29218
29221
29231
29234
29236
29240
29243
29244
29247
29280
29285
29302
29303
29308
29316
29364
29368
29372
29372
29382
29390
29390
29392
29396
29414
29420
29446
29464
29474
29499
29500
29508
29513
29523
29524
29539
29540
29543
29557
29559
29570
29607
29610
29623
29626
29627
29635
29650
29654
29663
29671
29672
29684
29719
29719
29738
29753
29756
29766
29773
29773
29774
29789
29791
29792
29813
29820
29826
29835
29840
29844
29852
29865
29867
29868
29901
29917
29929
29933
29968
29968
29973
29981
29981
29985
29987
29990
29995
30000
30048
30051
30056
30070
30078
30085
30091
30095
30107
30111
30122
30126
30135
30139
30141
30146
30146
30147
30159
30160
30165
30188
30194
30205
30209
30215
30223
30231
30262
30263
30282
30285
30304
30311
30314
30318
30324
30332
30357
30359
30378
30388
30397
30405
30411
30415
30459
30484
30500
30514
30521
30535
30543
30559
30574
30594
30611
30628
30629
30631
30654
30665
30666
30667
30672
30687
30689
30702
30707
30726
30729
30729
30733
30735
30740
30740
30742
30745
30774
30780
30785
30786
30798
30822
30845
30849
30850
30862
30878
30880
30880
30884
30885
30900
30905
30913
30921
30922
30936
30946
30990
30991
30991
31032
31033
31043
31048
31049
31057
31073
31084
31086
31124
31124
31155
31156
31198
31214
31223
31236
31255
31259
31260
31264
31288
31292
31300
31323
31334
31354
31357
31370
31378
31405
31408
31413
31443
31446
31455
31463
31464
31471
31471
31475
31476
31485
31485
31509
31515
31536
31537
31540
31571
31580
31582
31589
31606
31622
31625
31631
31633
31637
31640
31645
31657
31676
31682
31688
31688
31693
31709
31714
31717
31732
31744
31761
31762
31782
31799
31813
31827
31836
31852
31854
31857
31863
31869
31873
31915
31919
31943
31948
31960
31968
31977
31979
31985
31988
32012
32023
32032
32033
32035
32053
32055
32063
32076
32082
32118
32129
32136
32151
32152
32157
32168
32178
32185
32194
32198
32204
32207
32211
32216
32221
32244
32251
32262
32268
32292
32294
32298
32304
32334
32336
32344
32358
32369
32370
32381
32382
32384
32389
32430
32437
32475
32484
32484
32511
32516
32519
32522
32528
32540
32542
32544
32553
32555
32562
32568
32571
32574
32585
32602
32623
32643
32645
32647
32648
32658
32669
32679
32702
32714
32729
32747
32754
32777
32782
32783
32790
32811
32812
32857
32868
32875
32877
32887
32928
32934
32967
32971
32981
33002
33010
33017
33057
33068
33068
33079
33084
33100
33141
33145
33146
33164
33165
33182
33188
33193
33209
33237
33243
33255
33273
33293
33312
33316
33318
33335
33337
33357
33368
33374
33377
33382
33383
33396
33402
33460
33464
33470
33473
33481
33483
33489
33490
33492
33496
33504
33507
33515
33542
33579
33583
33587
33587
33630
33631
33636
33639
33643
33648
33652
33657
33658
33660
33663
33670
33681
33692
33710
33746
33758
33773
33787
33800
33803
33806
33820
33827
33832
33849
33855
33857
33859
33869
33880
33903
33924
33931
33933
33950
33972
33975
33975
33983
34014
34020
34030
34060
34075
34079
34083
34097
34097
34113
34120
34142
34144
34194
34201
34207
34214
34214
34232
34252
34259
34266
34267
34272
34282
34294
34311
34318
34322
34333
34338
34339
34339
34340
34344
34371
34375
34378
34397
34459
34471
34471
34489
34518
34565
34572
34578
34591
34591
34592
34592
34608
34618
34624
34624
34633
34639
34651
34654
34655
34704
34706
34710
34719
34758
34772
34775
34787
34815
34816
34831
34831
34833
34848
34882
34889
34891
34895
34897
34897
34904
34908
34912
34913
34938
34948
34969
34994
35028
35035
35036
35039
35044
35058
35061
35076
35098
35104
35117
35126
35130
35145
35148
35152
35155
35175
35203
35207
35220
35221
35231
35233
35237
35266
35274
35280
35289
35293
35332
35354
35370
35376
35408
35410
35415
35435
35435
35436
35441
35444
35454
35470
35485
35486
35519
35531
35544
35552
35566
35575
35577
35584
35593
35604
35613
35638
35658
35666
35683
35684
35688
35691
35691
35694
35709
35712
35713
35725
35732
35736
35738
35746
35776
35786
35793
35800
35810
35815
35824
35829
35840
35842
35851
35852
35855
35861
35875
35885
35891
35892
35904
35910
35920
35939
35963
35981
35988
36002
36006
36011
36018
36018
36022
36035
36046
36063
36065
36071
36072
36084
36091
36094
36098
36100
36101
36101
36103
36107
36107
36111
36121
36139
36139
36139
36155
36185
36191
36194
36195
36201
36205
36205
36207
36217
36218
36221
36225
36241
36267
36274
36280
36288
36308
36340
36344
36358
36368
36387
36390
36405
36411
36426
36429
36436
36471
36473
36481
36516
36519
36521
36534
36541
36551
36560
36563
36565
36574
36583
36587
36623
36625
36632
36634
36641
36643
36646
36648
36650
36650
36669
36674
36682
36687
36693
36693
36704
36724
36725
36734
36741
36752
36755
36765
36768
36773
36784
36788
36801
36835
36841
36863
36870
36901
36907
36926
36929
36943
36950
36953
36953
36956
36965
36972
36976
36989
36992
36994
37005
37013
37016
37022
37068
37070
37080
37086
37090
37100
37128
37130
37134
37158
37175
37191
37197
37219
37232
37250
37257
37259
37261
37274
37279
37281
37281
37285
37291
37293
37304
37313
37330
37339
37344
37356
37362
37374
37379
37380
37393
37398
37401
37409
37419
37425
37444
37448
37477
37483
37483
37484
37492
37509
37517
37524
37543
37558
37573
37587
37589
37595
37599
37603
37607
37608
37610
37612
37613
37628
37657
37666
37669
37676
37685
37692
37705
37728
37728
37737
37738
37743
37746
37759
37788
37789
37795
37821
37832
37840
37844
37855
37866
37866
37869
37896
37919
37946
37956
37957
37964
37964
38008
38025
38025
38043
38044
38049
38063
38063
38068
38081
38093
38100
38115
38133
38142
38145
38164
38172
38183
38188
38196
38198
38202
38209
38210
38217
38219
38227
38228
38236
38237
38238
38240
38262
38271
38287
38296
38307
38316
38319
38332
38344
38359
38359
38369
38373
38384
38412
38431
38433
38435
38437
38439
38444
38453
38475
38497
38523
38529
38531
38532
38536
38597
38599
38619
38630
38653
38655
38656
38670
38671
38678
38678
38682
38689
38712
38714
38731
38746
38749
38764
38769
38807
38831
38841
38843
38889
38891
38901
38905
38913
38930
38932
38937
38946
38952
38956
38960
38974
38979
38990
38994
39012
39024
39029
39050
39057
39065
39067
39072
39073
39087
39088
39095
39103
39106
39113
39125
39130
39149
39193
39206
39209
39209
39210
39266
39276
39290
39290
39335
39360
39366
39411
39427
39429
39433
39435
39468
39481
39497
39529
39530
39617
39630
39639
39642
39657
39661
39668
39672
39674
39712
39719
39738
39741
39755
39763
39775
39778
39790
39792
39798
39799
39812
39818
39828
39831
39834
39834
39839
39848
39848
39855
39861
39864
39865
39866
39883
39896
39897
39903
39911
39919
39930
39931
39933
39948
39950
39972
39996
40005
40011
40023
40035
40041
40088
40098
40100
40106
40119
40130
40142
40151
40158
40158
40185
40223
40228
40235
40243
40255
40257
40257
40266
40278
40281
40287
40290
40296
40301
40320
40334
40339
40345
40367
40374
40381
40388
40392
40402
40429
40440
40462
40465
40468
40484
40494
40499
40529
40534
40537
40555
40568
40570
40596
40601
40616
40638
40658
40664
40680
40685
40686
40701
40710
40712
40717
40718
40722
40731
40743
40745
40747
40768
40780
40787
40812
40815
40824
40838
40842
40849
40851
40868
40868
40885
40891
40905
40909
40918
40941
40943
40946
40954
40973
40974
40979
41015
41025
41032
41039
41039
41039
41046
41053
41063
41063
41074
41087
41089
41093
41093
41100
41116
41120
41120
41121
41125
41139
41149
41151
41154
41154
41156
41158
41158
41162
41175
41178
41179
41183
41191
41202
41214
41216
41221
41225
41229
41238
41242
41246
41249
41250
41252
41262
41263
41265
41265
41279
41286
41297
41314
41319
41319
41320
41328
41329
41333
41345
41349
41350
41352
41380
41383
41388
41394
41406
41434
41435
41452
41459
41482
41505
41505
41507
41519
41535
41554
41565
41569
41569
41569
41571
41573
41582
41591
41600
41608
41614
41626
41627
41630
41645
41650
41654
41663
41666
41678
41714
41719
41725
41733
41748
41754
41769
41781
41791
41791
41794
41796
41803
41817
41818
41825
41845
41845
41854
41857
41876
41882
41889
41897
41908
41911
41922
41923
41929
41932
41934
41956
41962
41968
41987
41994
42016
42034
42042
42051
42057
42076
42083
42090
42107
42120
42124
42136
42163
42182
42198
42202
42209
42209
42210
42211
42221
42226
42254
42261
42265
42272
42275
42283
42284
42298
42322
42325
42326
42332
42333
42361
42363
42365
42372
42374
42377
42384
42385
42425
42443
42448
42469
42470
42483
42488
42502
42506
42518
42525
42527
42534
42540
42540
42542
42544
42546
42552
42554
42562
42570
42589
42590
42591
42601
42603
42603
42605
42611
42617
42620
42623
42651
42655
42662
42666
42669
42674
42676
42680
42732
42739
42764
42797
42820
42823
42828
42842
42862
42862
42868
42872
42880
42880
42883
42923
42939
42953
42967
42971
42986
42991
42991
43017
43033
43049
43063
43067
43074
43122
43137
43145
43166
43170
43189
43190
43211
43215
43225
43230
43238
43253
43253
43272
43282
43302
43313
43314
43322
43323
43326
43330
43335
43336
43337
43341
43345
43348
43351
43374
43384
43392
43400
43404
43407
43410
43413
43414
43414
43417
43420
43424
43426
43440
43447
43448
43461
43465
43468
43477
43488
43488
43489
43499
43501
43515
43521
43523
43534
43543
43544
43556
43604
43610
43619
43622
43627
43639
43659
43662
43666
43676
43691
43699
43706
43708
43716
43725
43731
43733
43771
43777
43779
43782
43790
43803
43809
43820
43825
43854
43854
43856
43860
43869
43874
43882
43901
43902
43916
43929
43931
43937
43951
43960
43964
43976
43983
43985
43990
44008
44008
44023
44027
44049
44052
44056
44073
44089
44110
44119
44144
44159
44165
44173
44185
44194
44230
44237
44248
44277
44295
44302
44303
44305
44305
44310
44318
44320
44330
44336
44337
44339
44345
44354
44367
44376
44408
44408
44410
44424
44426
44433
44449
44458
44460
44464
44500
44562
44582
44591
44594
44601
44605
44628
44640
44709
44755
44775
44788
44788
44789
44789
44796
44796
44810
44810
44819
44830
44837
44842
44842
44852
44876
44885
44885
44891
44893
44900
44922
44928
44934
44962
44973
44974
44975
44989
44991
44995
45012
45022
45038
45042
45054
45056
45075
45083
45087
45088
45090
45092
45107
45108
45124
45159
45163
45163
45174
45188
45206
45209
45213
45214
45223
45228
45234
45238
45245
45264
45279
45279
45280
45287
45291
45294
45324
45326
45333
45351
45379
45385
45390
45392
45393
45408
45414
45416
45442
45457
45461
45475
45479
45488
45502
45515
45527
45537
45547
45560
45562
45567
45578
45580
45600
45609
45624
45634
45636
45646
45649
45650
45657
45657
45679
45698
45723
45726
45737
45792
45798
45805
45812
45870
45904
45923
45934
45946
45951
45966
45969
45989
46022
46024
46025
46029
46032
46032
46053
46059
46074
46076
46078
46079
46080
46084
46085
46086
46097
46105
46116
46125
46130
46143
46147
46182
46193
46230
46234
46253
46253
46264
46269
46270
46277
46281
46290
46294
46302
46323
46336
46347
46357
46363
46371
46403
46416
46444
46461
46463
46479
46491
46497
46541
46554
46564
46572
46588
46597
46624
46632
46636
46654
46658
46662
46663
46664
46665
46674
46684
46688
46710
46734
46736
46740
46747
46751
46765
46766
46768
46770
46770
46783
46792
46793
46795
46800
46830
46862
46873
46901
46902
46907
46908
46967
46969
46976
46990
46994
47000
47001
47020
47027
47041
47064
47069
47071
47090
47112
47123
47126
47162
47162
47165
47171
47179
47183
47190
47209
47233
47234
47238
47246
47256
47261
47277
47282
47285
47299
47322
47335
47336
47340
47341
47370
47386
47393
47409
47410
47412
47420
47426
47441
47444
47454
47482
47492
47495
47499
47508
47516
47522
47541
47569
47574
47580
47586
47605
47607
47618
47634
47644
47653
47658
47669
47672
47696
47701
47723
47744
47768
47793
47832
47874
47881
47894
47896
47897
47898
47920
47921
47936
47937
47939
47942
47962
47962
47964
47970
47985
47986
48014
48018
48035
48041
48049
48059
48065
48065
48078
48113
48113
48115
48154
48164
48171
48187
48202
48205
48213
48216
48217
48218
48224
48225
48233
48242
48249
48250
48250
48251
48266
48275
48292
48320
48340
48345
48348
48366
48367
48370
48389
48390
48390
48391
48417
48419
48422
48430
48452
48471
48472
48475
48482
48485
48490
48492
48499
48501
48525
48529
48541
48545
48547
48550
48570
48597
48603
48626
48630
48630
48637
48650
48659
48665
48699
48704
48725
48731
48735
48744
48752
48752
48768
48774
48784
48793
48799
48800
48801
48810
48833
48835
48838
48855
48858
48869
48869
48873
48881
48888
48888
48901
48928
48932
48947
48966
48976
48982
48991
49008
49011
49012
49023
49028
49031
49034
49041
49059
49076
49097
49107
49109
49117
49128
49166
49181
49188
49194
49230
49239
49247
49247
49263
49290
49291
49339
49341
49345
49368
49377
49383
49395
49396
49399
49430
49441
49444
49456
49465
49468
49495
49502
49503
49506
49509
49518
49535
49539
49551
49569
49571
49577
49582
49597
49606
49621
49687
49693
49717
49738
49738
49742
49754
49759
49771
49773
49775
49785
49794
49795
49801
49814
49828
49829
49852
49854
49899
49907
49915
49922
49934
49935
49935
49935
49942
49950
49970
49975
49993
50005
50009
50019
50023
50033
50037
50042
50056
50056
50059
50069
50090
50092
50121
50125
50128
50134
50154
50173
50174
50175
50179
50193
50219
50231
50246
50275
50290
50307
50316
50325
50325
50334
50341
50348
50350
50364
50368
50372
50386
50393
50394
50400
50415
50421
50433
50433
50452
50462
50468
50496
50510
50530
50553
50554
50563
50565
50569
50573
50575
50585
50590
50618
50639
50651
50652
50667
50685
50686
50715
50720
50723
50737
50743
50745
50755
50757
50772
50782
50783
50790
50791
50796
50809
50815
50830
50860
50871
50887
50892
50898
50900
50901
50904
50910
50915
50917
50922
50927
50936
50946
50965
50969
50969
50969
50974
51002
51027
51027
51038
51074
51090
51091
51101
51106
51107
51123
51140
51143
51144
51145
51148
51160
51166
51171
51176
51207
51209
51215
51220
51220
51222
51230
51252
51263
51273
51293
51295
51310
51331
51340
51354
51396
51397
51398
51403
51414
51417
51417
51423
51435
51446
51450
51452
51463
51468
51478
51478
51479
51485
51494
51501
51501
51503
51512
51522
51534
51557
51574
51582
51582
51584
51589
51599
51606
51629
51631
51642
51671
51678
51681
51709
51716
51750
51755
51759
51766
51779
51779
51788
51796
51812
51837
51842
51843
51871
51871
51884
51893
51904
51907
51921
51948
51949
51963
51964
51965
51980
51985
51990
51993
52009
52018
52036
52049
52056
52056
52060
52094
52132
52147
52181
52210
52217
52219
52222
52233
52235
52251
52257
52260
52264
52266
52267
52272
52280
52291
52300
52322
52323
52328
52357
52373
52411
52411
52419
52420
52435
52438
52447
52447
52451
52453
52454
52464
52488
52494
52498
52507
52507
52515
52530
52534
52544
52548
52565
52593
52621
52631
52637
52647
52692
52707
52712
52717
52718
52723
52735
52739
52741
52747
52748
52766
52791
52813
52821
52822
52830
52834
52836
52841
52855
52859
52863
52883
52890
52904
52905
52910
52924
52932
52936
52943
52944
52967
52972
52981
53006
53008
53026
53032
53035
53048
53049
53049
53081
53084
53088
53090
53100
53109
53118
53126
53130
53132
53133
53153
53159
53169
53173
53173
53178
53178
53183
53186
53188
53189
53192
53194
53196
53197
53214
53215
53230
53234
53245
53258
53260
53261
53272
53279
53279
53286
53289
53310
53326
53327
53328
53332
53356
53359
53365
53370
53371
53371
53385
53390
53395
53410
53430
53447
53452
53457
53458
53462
53473
53475
53484
53491
53493
53505
53506
53508
53512
53527
53534
53558
53560
53574
53575
53575
53578
53580
53583
53590
53590
53600
53606
53612
53616
53624
53632
53649
53654
53658
53661
53669
53670
53672
53677
53685
53688
53692
53721
53721
53731
53732
53740
53745
53754
53756
53764
53771
53798
53805
53820
53823
53827
53844
53850
53858
53864
53888
53896
53896
53913
53920
53928
53935
53942
53945
53952
53956
53961
53972
53976
53990
54011
54012
54016
54017
54032
54034
54038
54041
54058
54105
54116
54121
54127
54130
54131
54133
54141
54146
54148
54212
54225
54240
54244
54245
54249
54250
54258
54273
54282
54283
54284
54290
54308
54316
54318
54320
54333
54342
54347
54350
54370
54374
54378
54383
54400
54401
54405
54410
54419
54437
54441
54453
54455
54463
54470
54476
54482
54487
54492
54495
54525
54533
54539
54541
54542
54553
54604
54608
54618
54646
54647
54648
54650
54662
54673
54675
54680
54691
54693
54696
54702
54705
54706
54706
54719
54726
54746
54749
54759
54774
54779
54820
54832
54832
54846
54852
54855
54880
54885
54904
54916
54938
54948
54965
54969
54972
54978
54986
55000
55004
55029
55031
55049
55092
55100
55115
55120
55142
55153
55155
55176
55180
55181
55193
55193
55214
55223
55224
55245
55260
55262
55270
55276
55315
55330
55341
55345
55362
55366
55369
55376
55377
55380
55391
55430
55431
55431
55462
55481
55517
55521
55526
55541
55555
55582
55608
55641
55668
55675
55689
55695
55696
55714
55740
55754
55772
55776
55797
55820
55839
55845
55849
55854
55872
55872
55896
55897
55900
55910
55912
55918
55929
55930
55932
55946
55948
55968
55981
55990
55995
55995
55997
56004
56017
56033
56050
56075
56075
56077
56085
56094
56105
56123
56126
56130
56144
56144
56151
56152
56154
56159
56159
56160
56172
56194
56212
56243
56243
56246
56248
56255
56259
56265
56277
56288
56309
56310
56352
56356
56362
56366
56373
56394
56405
56409
56414
56424
56428
56433
56444
56454
56462
56465
56471
56472
56476
56478
56481
56499
56508
56512
56537
56538
56542
56553
56572
56576
56581
56584
56587
56595
56602
56615
56630
56641
56657
56663
56664
56673
56698
56699
56714
56717
56727
56734
56748
56757
56757
56779
56791
56791
56792
56796
56800
56812
56813
56813
56816
56817
56819
56827
56831
56837
56840
56843
56852
56863
56870
56877
56877
56891
56895
56904
56904
56906
56909
56916
56940
56942
56944
56948
56961
57000
57006
57018
57024
57024
57025
57031
57037
57050
57059
57059
57060
57078
57084
57129
57129
57154
57163
57167
57169
57183
57214
57223
57231
57231
57239
57255
57256
57259
57260
57276
57291
57293
57324
57337
57343
57347
57350
57353
57373
57373
57383
57388
57391
57401
57418
57421
57421
57430
57433
57441
57458
57462
57477
57485
57485
57491
57501
57503
57518
57526
57571
57581
57584
57586
57600
57697
57707
57719
57720
57736
57754
57754
57757
57768
57771
57776
57785
57794
57799
57799
57804
57809
57809
57814
57854
57857
57864
57874
57885
57886
57899
57908
57910
57919
57927
57939
57964
57983
57983
58015
58024
58033
58040
58043
58061
58064
58070
58086
58130
58130
58138
58140
58162
58182
58200
58202
58206
58243
58244
58267
58272
58310
58320
58324
58330
58335
58336
58341
58346
58350
58358
58367
58373
58391
58398
58407
58455
58477
58479
58498
58507
58516
58519
58522
58522
58532
58535
58538
58541
58566
58601
58602
58602
58605
58609
58616
58632
58633
58650
58670
58675
58676
58677
58714
58728
58799
58835
58839
58843
58849
58852
58859
58870
58882
58897
58903
58908
58948
58951
58954
58957
58959
58962
58977
58986
58987
58997
58998
59006
59020
59020
59035
59051
59063
59067
59078
59100
59116
59120
59139
59145
59148
59150
59165
59166
59171
59172
59172
59188
59188
59204
59213
59216
59220
59226
59231
59234
59245
59277
59286
59287
59287
59295
59298
59298
59327
59350
59357
59358
59387
59390
59396
59398
59400
59410
59420
59425
59426
59450
59458
59468
59470
59474
59475
59481
59482
59489
59494
59504
59528
59533
59552
59552
59553
59554
59554
59573
59574
59587
59602
59613
59645
59708
59713
59717
59727
59742
59786
59816
59831
59834
59842
59889
59895
59901
59909
59912
59915
59916
59926
59942
59959
59960
59965
59988
60005
60013
60019
60023
60052
60056
60065
60066
60072
60084
60096
60103
60116
60118
60126
60128
60147
60177
60183
60192
60196
60199
60200
60202
60206
60216
60221
60239
60245
60263
60297
60303
60312
60321
60328
60330
60352
60355
60367
60368
60379
60387
60387
60398
60400
60407
60425
60433
60438
60445
60452
60458
60467
60468
60478
60489
60517
60543
60543
60553
60565
60594
60598
60612
60614
60624
60631
60634
60655
60672
60675
60679
60682
60686
60691
60692
60700
60713
60736
60737
60748
60748
60750
60757
60759
60774
60780
60826
60833
60842
60861
60863
60870
60880
60888
60895
60901
60906
60914
60914
60942
60954
60964
60968
60969
60970
60977
61000
61004
61012
61034
61046
61048
61051
61051
61053
61060
61060
61061
61105
61125
61127
61127
61134
61136
61144
61145
61157
61159
61180
61183
61215
61217
61235
61235
61249
61253
61262
61295
61297
61306
61310
61326
61337
61349
61355
61358
61360
61379
61400
61411
61414
61419
61424
61429
61436
61437
61437
61455
61459
61461
61486
61517
61530
61537
61539
61539
61547
61563
61579
61588
61603
61605
61616
61625
61627
61635
61650
61659
61661
61662
61687
61691
61706
61733
61736
61743
61750
61755
61762
61766
61768
61771
61774
61778
61785
61788
61790
61791
61800
61829
61846
61848
61854
61861
61872
61885
61896
61899
61910
61916
61952
61974
61976
61980
62009
62011
62020
62028
62033
62057
62082
62101
62103
62109
62111
62118
62124
62134
62139
62179
62186
62201
62221
62224
62237
62242
62242
62246
62251
62256
62259
62264
62280
62283
62287
62288
62292
62297
62316
62337
62346
62360
62362
62362
62371
62376
62378
62378
62384
62386
62425
62427
62430
62430
62489
62495
62503
62507
62518
62519
62519
62531
62538
62560
62579
62629
62630
62637
62648
62653
62658
62665
62671
62673
62673
62675
62686
62697
62708
62710
62721
62735
62738
62740
62742
62749
62752
62753
62769
62782
62782
62808
62809
62841
62880
62941
62947
62986
62986
62990
63021
63023
63024
63036
63046
63051
63055
63055
63057
63071
63072
63077
63082
63095
63115
63123
63128
63137
63159
63161
63163
63178
63179
63190
63192
63199
63204
63206
63216
63217
63222
63225
63232
63237
63277
63281
63282
63285
63295
63296
63307
63311
63338
63341
63349
63360
63380
63386
63390
63396
63397
63397
63403
63419
63426
63431
63467
63480
63496
63500
63503
63505
63509
63518
63552
63558
63559
63575
63575
63590
63613
63630
63635
63644
63652
63653
63670
63683
63684
63687
63698
63702
63717
63720
63721
63729
63747
63748
63755
63760
63770
63780
63784
63790
63805
63807
63824
63827
63835
63835
63848
63875
63875
63909
63929
63943
63949
63951
63958
64002
64011
64013
64048
64062
64074
64074
64077
64081
64083
64084
64085
64088
64089
64103
64109
64119
64143
64162
64168
64195
64217
64222
64230
64246
64255
64268
64271
64288
64294
64294
64308
64313
64333
64343
64348
64367
64398
64400
64409
64444
64480
64490
64495
64504
64509
64516
64520
64521
64523
64533
64539
64565
64568
64586
64590
64591
64592
64592
64593
64614
64627
64633
64687
64707
64717
64736
64742
64766
64773
64778
64781
64787
64788
64789
64794
64799
64832
64841
64858
64864
64877
64887
64895
64902
64915
64927
64935
64948
64960
64977
64978
64980
64987
65009
65015
65038
65053
65075
65087
65094
65104
65111
65112
65130
65130
65157
65163
65168
65169
65173
65179
65189
65194
65198
65202
65207
65215
65228
65235
65243
65270
65273
65279
65280
65305
65314
65324
65333
65334
65350
65361
65395
65403
65432
65452
65467
65468
65472
65479
65522
65543
65565
65573
65588
65605
65633
65637
65644
65648
65650
65651
65654
65662
65671
65694
65696
65697
65708
65709
65716
65726
65767
65775
65799
65814
65817
65836
65878
65893
65898
65902
65917
65923
65931
65939
65945
65958
65960
65973
65980
65988
65990
65991
65994
65997
66002
66002
66018
66019
66023
66027
66037
66043
66063
66065
66073
66081
66090
66092
66099
66100
66105
66119
66127
66128
66136
66144
66155
66159
66162
66168
66168
66174
66184
66185
66197
66199
66223
66253
66255
66255
66256
66265
66292
66298
66317
66326
66327
66356
66369
66372
66388
66400
66405
66420
66435
66442
66466
66475
66491
66499
66529
66529
66540
66543
66547
66549
66573
66598
66621
66638
66643
66649
66653
66656
66666
66668
66678
66717
66720
66729
66729
66735
66745
66746
66746
66755
66771
66778
66779
66782
66810
66817
66820
66839
66846
66857
66859
66865
66866
66889
66915
66924
66932
66935
66947
66953
66957
66962
66965
66971
66973
66981
66984
67010
67026
67040
67052
67063
67075
67085
67090
67091
67094
67098
67099
67100
67107
67115
67115
67128
67129
67130
67140
67140
67142
67148
67150
67164
67177
67180
67191
67192
67199
67218
67221
67234
67248
67268
67268
67271
67275
67285
67291
67305
67315
67344
67354
67362
67366
67368
67403
67418
67419
67439
67439
67445
67451
67455
67456
67457
67467
67481
67493
67537
67540
67544
67545
67550
67560
67562
67563
67567
67567
67569
67592
67627
67633
67637
67647
67655
67661
67692
67739
67742
67746
67748
67750
67752
67755
67779
67802
67813
67844
67844
67847
67862
67878
67886
67904
67911
67945
67976
67991
68029
68031
68049
68059
68065
68068
68073
68073
68093
68102
68122
68126
68138
68145
68148
68158
68160
68182
68215
68220
68241
68242
68254
68264
68269
68305
68317
68317
68322
68325
68331
68398
68403
68405
68408
68437
68448
68449
68464
68468
68497
68498
68505
68508
68537
68545
68557
68576
68585
68587
68598
68599
68602
68618
68622
68624
68625
68628
68635
68647
68663
68676
68679
68683
68692
68693
68702
68703
68708
68716
68716
68734
68735
68743
68746
68786
68808
68810
68816
68818
68830
68840
68852
68856
68882
68889
68890
68893
68895
68900
68987
69005
69022
69024
69024
69029
69039
69052
69073
69085
69103
69105
69110
69115
69121
69133
69134
69144
69173
69181
69181
69189
69199
69210
69214
69217
69234
69246
69248
69250
69258
69259
69264
69279
69293
69308
69320
69331
69341
69343
69351
69353
69354
69360
69386
69392
69404
69404
69413
69415
69416
69440
69448
69450
69460
69477
69487
69491
69495
69507
69521
69534
69544
69580
69596
69615
69625
69627
69635
69637
69642
69644
69648
69669
69670
69673
69691
69718
69721
69733
69734
69740
69752
69759
69766
69783
69786
69803
69807
69809
69812
69820
69824
69827
69832
69833
69835
69840
69854
69865
69882
69882
69904
69918
69924
69925
69929
69948
69967
69967
69971
69977
69983
70007
70024
70041
70049
70051
70071
70079
70080
70093
70104
70116
70123
70142
70146
70152
70152
70182
70192
70202
70208
70231
70237
70244
70244
70248
70249
70257
70258
70265
70292
70323
70327
70328
70329
70334
70339
70341
70353
70369
70375
70382
70400
70426
70429
70439
70472
70480
70490
70509
70509
70510
70525
70525
70553
70562
70568
70581
70585
70588
70601
70621
70634
70652
70656
70658
70661
70665
70673
70675
70700
70710
70715
70729
70741
70774
70776
70777
70777
70786
70793
70809
70817
70827
70828
70839
70840
70860
70862
70874
70875
70906
70909
70912
70928
70942
70945
70950
70956
70960
70981
70983
70994
70996
71000
71044
71044
71051
71051
71059
71062
71074
71087
71090
71097
71100
71121
71141
71143
71147
71151
71160
71173
71193
71232
71232
71246
71284
71292
71295
71303
71313
71324
71344
71347
71357
71361
71362
71363
71365
71369
71374
71381
71385
71386
71445
71459
71490
71506
71514
71539
71553
71558
71565
71566
71575
71578
71584
71585
71586
71599
71606
71608
71616
71620
71627
71636
71642
71645
71664
71750
71751
71752
71753
71755
71760
71783
71785
71786
71788
71789
71816
71823
71873
71874
71911
71914
71915
71923
71928
71934
71958
71963
71969
71973
71973
71980
71993
72045
72045
72046
72050
72064
72069
72069
72075
72086
72107
72108
72110
72134
72147
72167
72176
72193
72201
72223
72237
72238
72254
72264
72274
72279
72286
72295
72296
72325
72352
72358
72364
72368
72371
72376
72383
72389
72398
72404
72414
72433
72455
72462
72466
72476
72481
72483
72489
72490
72496
72499
72509
72514
72541
72547
72598
72599
72628
72629
72630
72631
72634
72642
72649
72651
72655
72667
72671
72674
72682
72684
72712
72714
72720
72735
72735
72735
72744
72760
72765
72791
72800
72811
72812
72823
72838
72852
72852
72857
72867
72870
72890
72894
72932
72937
72948
72950
72975
72978
72979
72987
73004
73009
73016
73017
73021
73033
73054
73057
73064
73069
73085
73095
73095
73097
73097
73097
73109
73137
73139
73155
73157
73158
73161
73174
73195
73200
73215
73227
73234
73245
73246
73248
73267
73270
73275
73277
73283
73283
73286
73292
73298
73312
73313
73313
73333
73337
73344
73349
73365
73371
73380
73397
73402
73410
73427
73427
73438
73443
73455
73464
73466
73466
73466
73469
73485
73506
73507
73515
73527
73530
73536
73546
73558
73560
73562
73562
73571
73582
73583
73593
73603
73609
73615
73628
73651
73682
73696
73711
73728
73732
73733
73737
73742
73763
73766
73800
73802
73832
73835
73841
73850
73867
73867
73888
73896
73911
73924
73930
73932
73938
73939
73940
73946
73956
73961
73964
73965
73987
74005
74027
74043
74050
74051
74078
74086
74087
74118
74129
74158
74167
74174
74183
74196
74212
74220
74222
74224
74230
74243
74253
74260
74262
74263
74272
74280
74292
74300
74306
74322
74327
74343
74349
74356
74361
74372
74372
74414
74450
74451
74456
74456
74472
74476
74483
74484
74489
74491
74493
74496
74505
74516
74526
74540
74540
74544
74549
74569
74594
74599
74602
74604
74615
74623
74644
74652
74656
74661
74671
74674
74677
74698
74713
74723
74724
74725
74727
74728
74732
74733
74738
74747
74759
74767
74776
74777
74790
74800
74810
74841
74841
74868
74874
74885
74888
74891
74894
74915
74926
74948
74950
74958
74961
74968
74969
74985
74995
75000
75006
75007
75028
75046
75048
75078
75084
75089
75090
75102
75110
75111
75159
75199
75201
75205
75235
75240
75245
75249
75257
75260
75266
75283
75283
75293
75295
75297
75310
75336
75338
75344
75344
75386
75416
75436
75440
75453
75456
75460
75466
75481
75496
75513
75519
75523
75527
75534
75541
75541
75545
75567
75568
75568
75570
75574
75585
75591
75593
75597
75598
75602
75613
75630
75631
75637
75648
75652
75654
75659
75665
75686
75691
75705
75706
75719
75720
75724
75734
75741
75743
75753
75774
75791
75823
75828
75882
75898
75926
75940
75944
75948
75954
75964
75971
75972
76014
76020
76022
76037
76039
76041
76046
76058
76072
76076
76077
76084
76087
76088
76098
76101
76113
76114
76120
76123
76125
76125
76136
76143
76160
76200
76229
76232
76247
76249
76257
76269
76273
76287
76292
76306
76306
76310
76317
76317
76319
76345
76346
76365
76395
76409
76420
76440
76443
76464
76467
76472
76488
76491
76506
76524
76533
76537
76541
76543
76560
76569
76591
76594
76606
76611
76623
76628
76628
76631
76632
76650
76671
76671
76682
76698
76704
76718
76738
76752
76783
76796
76804
76810
76811
76851
76857
76859
76875
76891
76901
76915
76917
76936
76949
76952
76952
76962
76968
76987
76996
76997
77015
77015
77040
77043
77057
77063
77065
77072
77072
77083
77085
77107
77107
77141
77144
77149
77163
77185
77194
77197
77214
77232
77232
77240
77244
77247
77253
77283
77303
77312
77314
77319
77322
77334
77376
77420
77424
77433
77440
77451
77469
77487
77527
77540
77569
77589
77591
77603
77603
77608
77637
77644
77646
77669
77683
77687
77704
77710
77713
77714
77720
77734
77761
77768
77797
77803
77811
77825
77838
77840
77847
77859
77868
77870
77879
77885
77902
77917
77940
77943
77947
77969
77978
77980
77993
77995
78000
78027
78031
78039
78041
78047
78059
78060
78066
78069
78087
78097
78099
78102
78115
78132
78135
78142
78150
78162
78164
78174
78177
78184
78187
78187
78190
78192
78192
78211
78217
78224
78235
78246
78253
78258
78260
78266
78266
78269
78280
78281
78290
78296
78309
78320
78344
78360
78394
78395
78397
78398
78414
78424
78444
78445
78453
78463
78464
78490
78504
78516
78547
78565
78568
78596
78596
78604
78614
78632
78632
78633
78638
78643
78664
78666
78690
78714
78732
78770
78779
78781
78781
78785
78789
78792
78802
78820
78820
78853
78857
78889
78898
78907
78916
78926
78934
78940
78947
78950
78957
78958
78966
78967
78986
78990
79001
79005
79017
79020
79022
79055
79058
79061
79069
79091
79115
79119
79128
79136
79143
79169
79171
79173
79191
79197
79205
79210
79228
79229
79250
79255
79262
79277
79281
79284
79317
79330
79354
79364
79394
79401
79420
79436
79443
79474
79478
79495
79499
79514
79520
79520
79535
79535
79544
79547
79549
79553
79592
79602
79616
79638
79641
79642
79643
79658
79660
79665
79676
79688
79729
79737
79738
79743
79748
79757
79770
79775
79792
79822
79828
79831
79844
79857
79860
79870
79886
79890
79891
79900
79901
79901
79902
79904
79916
79916
79934
79939
79942
79950
79950
79957
79969
79969
80005
80006
80008
80008
80008
80039
80060
80060
80098
80105
80120
80133
80137
80142
80163
80210
80222
80227
80229
80231
80243
80249
80254
80255
80259
80266
80288
80303
80307
80316
80325
80329
80329
80343
80400
80414
80428
80434
80448
80450
80457
80461
80463
80467
80469
80471
80480
80488
80509
80554
80567
80568
80582
80586
80594
80595
80596
80597
80603
80608
80620
80625
80657
80658
80666
80677
80685
80686
80702
80715
80737
80745
80747
80757
80762
80772
80772
80784
80791
80791
80792
80810
80834
80849
80864
80888
80891
80893
80895
80902
80904
80923
80956
80957
80965
80981
80988
80997
81000
81004
81019
81027
81046
81059
81059
81064
81103
81105
81107
81114
81119
81125
81128
81129
81133
81133
81153
81165
81167
81173
81182
81185
81197
81205
81245
81250
81268
81285
81300
81302
81304
81308
81312
81320
81334
81334
81340
81350
81352
81354
81359
81362
81371
81375
81375
81381
81383
81390
81404
81427
81429
81430
81431
81445
81447
81447
81448
81449
81449
81466
81467
81471
81476
81486
81493
81516
81536
81580
81587
81615
81621
81630
81634
81656
81665
81669
81674
81688
81691
81717
81756
81761
81769
81769
81772
81792
81797
81804
81809
81814
81832
81842
81851
81857
81874
81875
81887
81887
81916
81919
81926
81946
81956
81985
81987
81996
82001
82002
82006
82006
82032
82035
82040
82045
82049
82069
82091
82096
82120
82124
82132
82135
82136
82153
82158
82167
82175
82180
82181
82181
82191
82214
82216
82223
82223
82225
82227
82241
82246
82272
82294
82304
82314
82314
82323
82335
82339
82343
82370
82373
82375
82388
82388
82400
82454
82486
82495
82499
82521
82541
82546
82546
82549
82558
82568
82571
82581
82581
82582
82591
82605
82610
82615
82625
82626
82628
82643
82680
82682
82685
82713
82729
82764
82769
82770
82773
82792
82809
82819
82826
82827
82832
82857
82865
82866
82885
82890
82910
82918
82951
82957
82960
82967
82971
82996
83000
83029
83046
83050
83052
83063
83067
83068
83074
83075
83104
83111
83123
83126
83142
83146
83187
83187
83188
83189
83197
83197
83197
83209
83216
83222
83226
83260
83281
83304
83304
83307
83322
83331
83339
83342
83343
83366
83377
83381
83385
83394
83438
83451
83467
83480
83491
83493
83494
83497
83503
83516
83522
83531
83545
83566
83569
83579
83579
83585
83587
83606
83621
83623
83661
83669
83677
83685
83693
83711
83736
83741
83750
83756
83760
83784
83795
83801
83813
83814
83827
83836
83842
83853
83865
83884
83897
83915
83922
83931
83934
83942
83946
83952
83970
83973
83979
83981
83988
84013
84027
84027
84028
84031
84048
84056
84061
84062
84074
84090
84093
84095
84096
84103
84140
84148
84160
84164
84164
84164
84164
84164
84173
84186
84209
84220
84221
84227
84241
84247
84255
84269
84294
84313
84323
84337
84338
84339
84341
84349
84350
84353
84398
84401
84415
84422
84440
84444
84448
84456
84469
84475
84477
84484
84498
84528
84529
84539
84542
84542
84545
84545
84556
84558
84571
84578
84604
84605
84612
84621
84624
84625
84636
84651
84669
84682
84687
84700
84711
84719
84728
84728
84748
84751
84764
84766
84772
84774
84792
84797
84807
84824
84826
84830
84833
84836
84856
84857
84864
84868
84878
84887
84893
84894
84907
84919
84929
84944
84956
84969
84973
84986
84990
84998
85000
85035
85039
85041
85046
85050
85058
85077
85079
85079
85094
85095
85098
85099
85102
85108
85110
85114
85114
85118
85130
85140
85149
85160
85210
85211
85226
85265
85267
85272
85295
85302
85310
85325
85328
85392
85411
85416
85420
85426
85431
85431
85434
85442
85445
85450
85466
85489
85499
85505
85515
85517
85519
85520
85529
85529
85531
85537
85537
85538
85562
85578
85579
85589
85606
85627
85628
85628
85632
85632
85635
85638
85638
85644
85662
85672
85674
85675
85675
85680
85691
85695
85713
85721
85727
85727
85750
85756
85802
85835
85840
85859
85897
85908
85940
85950
85953
85961
85963
85965
85971
85989
86004
86013
86020
86025
86027
86028
86030
86032
86045
86047
86050
86055
86095
86112
86115
86129
86142
86157
86168
86169
86176
86183
86184
86212
86212
86230
86231
86238
86241
86247
86263
86278
86286
86293
86299
86307
86310
86310
86313
86315
86317
86317
86330
86348
86363
86364
86373
86374
86377
86384
86397
86398
86448
86454
86456
86463
86494
86525
86527
86527
86530
86541
86546
86563
86592
86620
86624
86645
86651
86670
86672
86675
86701
86716
86718
86739
86743
86754
86756
86758
86798
86799
86808
86815
86833
86852
86853
86861
86863
86866
86890
86899
86910
86924
86932
86939
86941
86963
86987
86990
87010
87011
87021
87049
87050
87068
87077
87079
87094
87095
87119
87123
87123
87139
87140
87150
87152
87153
87173
87175
87179
87197
87222
87225
87227
87233
87238
87249
87250
87252
87261
87285
87285
87287
87291
87296
87314
87325
87369
87372
87377
87377
87377
87393
87394
87400
87401
87402
87403
87410
87421
87463
87478
87488
87495
87499
87524
87543
87548
87562
87570
87572
87585
87604
87631
87658
87675
87679
87687
87733
87737
87765
87769
87792
87798
87798
87808
87821
87850
87851
87875
87881
87884
87894
87915
87952
87956
87966
87971
88002
88003
88004
88023
88031
88034
88043
88044
88049
88051
88052
88054
88059
88065
88073
88112
88116
88140
88196
88201
88204
88212
88227
88229
88235
88243
88266
88283
88307
88315
88324
88334
88337
88341
88350
88352
88353
88372
88381
88387
88395
88402
88407
88440
88443
88461
88468
88472
88473
88518
88518
88520
88526
88545
88566
88581
88613
88629
88629
88642
88645
88669
88683
88694
88724
88743
88745
88753
88759
88763
88764
88765
88769
88798
88806
88814
88817
88818
88818
88818
88841
88848
88855
88874
88885
88896
88898
88898
88906
88918
88925
88938
88944
88964
89000
89025
89027
89040
89053
89079
89101
89105
89105
89124
89134
89184
89200
89222
89243
89263
89266
89267
89300
89300
89307
89325
89333
89345
89353
89361
89367
89380
89401
89404
89416
89419
89426
89443
89451
89456
89463
89467
89488
89507
89514
89518
89544
89578
89590
89592
89593
89597
89601
89602
89609
89630
89645
89650
89668
89675
89682
89685
89685
89721
89744
89750
89751
89754
89757
89759
89764
89765
89800
89801
89802
89805
89811
89818
89820
89820
89830
89836
89861
89867
89878
89878
89883
89897
89903
89909
89929
89931
89940
89966
89969
89978
89986
90004
90010
90034
90035
90043
90047
90069
90090
90090
90102
90110
90132
90149
90164
90173
90203
90208
90220
90235
90244
90252
90257
90266
90267
90285
90288
90297
90297
90299
90337
90338
90345
90359
90366
90368
90377
90379
90386
90394
90401
90403
90424
90438
90455
90458
90460
90516
90523
90529
90539
90542
90555
90574
90574
90580
90593
90611
90624
90624
90624
90626
90642
90646
90657
90677
90689
90701
90708
90718
90721
90722
90728
90728
90734
90737
90739
90752
90755
90757
90789
90799
90812
90815
90821
90824
90836
90845
90870
90876
90880
90910
90921
90939
90955
90977
90991
91005
91005
91025
91043
91047
91065
91066
91073
91086
91111
91131
91136
91140
91142
91159
91180
91196
91207
91209
91217
91222
91231
91242
91244
91268
91284
91296
91298
91302
91328
91352
91353
91393
91397
91399
91400
91403
91403
91415
91418
91420
91439
91443
91446
91464
91474
91511
91518
91534
91547
91548
91551
91558
91565
91575
91581
91594
91617
91622
91642
91643
91655
91668
91673
91676
91678
91684
91697
91706
91721
91726
91736
91737
91751
91760
91760
91789
91804
91816
91826
91835
91847
91856
91864
91870
91897
91898
91899
91912
91919
91932
91953
91955
91973
91977
91979
91980
91980
91995
91997
92012
92015
92016
92017
92023
92030
92032
92055
92059
92060
92074
92090
92091
92103
92106
92119
92123
92130
92144
92147
92166
92171
92202
92229
92243
92245
92251
92256
92271
92297
92308
92319
92321
92321
92339
92347
92352
92392
92400
92412
92414
92418
92445
92449
92449
92464
92479
92548
92560
92571
92589
92602
92604
92609
92626
92639
92656
92672
92683
92689
92699
92707
92707
92708
92737
92740
92742
92758
92758
92770
92788
92797
92799
92802
92802
92804
92826
92860
92861
92874
92908
92910
92914
92931
92933
92945
92950
92960
92965
92981
92984
92985
92993
92997
93017
93017
93018
93021
93026
93026
93027
93045
93077
93080
93095
93102
93105
93121
93127
93128
93131
93132
93136
93138
93140
93144
93148
93158
93163
93166
93168
93177
93180
93185
93193
93216
93221
93233
93243
93247
93255
93257
93264
93266
93282
93287
93287
93300
93303
93303
93316
93327
93355
93369
93386
93392
93401
93423
93426
93436
93438
93452
93462
93480
93494
93497
93512
93523
93560
93562
93578
93585
93589
93594
93597
93600
93609
93665
93673
93678
93678
93679
93684
93740
93743
93744
93756
93764
93778
93783
93794
93800
93800
93809
93811
93824
93832
93864
93877
93884
93888
93892
93894
93904
93905
93920
93921
93936
93937
93942
93964
93968
93974
93983
94017
94019
94027
94047
94048
94058
94063
94075
94078
94088
94101
94110
94138
94139
94149
94155
94166
94179
94211
94211
94231
94236
94236
94246
94258
94261
94261
94268
94269
94272
94277
94301
94308
94312
94313
94327
94344
94353
94356
94368
94375
94388
94393
94396
94399
94400
94425
94426
94432
94436
94437
94451
94464
94469
94479
94484
94500
94501
94506
94531
94536
94540
94557
94563
94580
94587
94628
94666
94669
94671
94676
94679
94684
94685
94721
94723
94730
94732
94741
94742
94749
94756
94758
94762
94764
94773
94775
94785
94788
94798
94802
94810
94810
94815
94833
94841
94848
94851
94851
94856
94870
94872
94884
94894
94898
94902
94904
94928
94932
94936
94947
94971
94975
95004
95010
95013
95027
95029
95033
95043
95053
95058
95068
95070
95087
95100
95112
95132
95150
95159
95160
95163
95171
95181
95200
95214
95224
95224
95233
95252
95263
95277
95280
95293
95293
95295
95303
95322
95348
95349
95389
95393
95398
95404
95419
95436
95438
95438
95440
95461
95480
95483
95526
95536
95564
95570
95587
95588
95614
95617
95624
95627
95638
95648
95652
95658
95659
95673
95683
95718
95724
95750
95784
95791
95797
95798
95802
95806
95807
95832
95837
95838
95860
95870
95870
95874
95896
95903
95917
95919
95937
95950
95955
95977
95981
95992
95998
95999
96006
96009
96016
96031
96037
96040
96042
96049
96049
96051
96061
96063
96066
96075
96077
96088
96101
96101
96112
96119
96127
96133
96145
96156
96165
96172
96188
96199
96205
96212
96226
96227
96230
96253
96255
96257
96267
96267
96268
96278
96299
96305
96310
96315
96348
96363
96371
96378
96401
96408
96409
96410
96431
96468
96469
96482
96488
96497
96498
96502
96521
96555
96564
96575
96577
96610
96635
96641
96654
96654
96685
96758
96764
96766
96766
96773
96786
96787
96790
96794
96797
96811
96823
96829
96840
96848
96856
96856
96896
96914
96915
96921
96925
96949
96951
96956
96965
96967
96980
96988
96989
96997
97000
97008
97013
97023
97026
97038
97053
97053
97080
97080
97088
97096
97103
97110
97110
97112
97117
97119
97124
97131
97137
97151
97154
97156
97161
97199
97199
97199
97216
97231
97245
97252
97253
97254
97276
97277
97277
97282
97291
97294
97311
97346
97352
97356
97360
97383
97386
97395
97403
97410
97411
97414
97427
97449
97451
97498
97500
97502
97509
97520
97537
97550
97559
97562
97577
97579
97584
97602
97606
97632
97660
97691
97700
97700
97710
97714
97720
97762
97769
97790
97793
97793
97810
97820
97836
97839
97841
97842
97849
97854
97909
97917
97929
97932
97949
97971
97974
97980
98011
98045
98056
98058
98070
98071
98075
98076
98106
98109
98112
98120
98139
98139
98143
98146
98161
98165
98179
98180
98195
98196
98196
98204
98209
98214
98225
98261
98283
98307
98332
98341
98341
98349
98351
98352
98362
98374
98383
98389
98391
98406
98407
98448
98454
98472
98485
98506
98542
98550
98570
98572
98584
98585
98586
98587
98594
98603
98603
98614
98617
98628
98638
98642
98646
98646
98652
98653
98656
98665
98676
98685
98708
98716
98717
98720
98732
98743
98783
98785
98792
98818
98819
98821
98841
98869
98875
98877
98887
98891
98897
98912
98938
98940
98956
98964
98988
98997
99038
99040
99044
99054
99055
99063
99075
99085
99098
99105
99116
99124
99135
99136
99142
99144
99146
99156
99172
99182
99186
99223
99233
99236
99260
99267
99279
99293
99295
99296
99311
99314
99328
99333
99338
99376
99379
99386
99392
99409
99413
99417
99431
99440
99440
99456
99461
99488
99493
99501
99502
99537
99539
99563
99569
99582
99593
99599
99619
99626
99627
99639
99653
99654
99658
99666
99667
99669
99679
99682
99688
99710
99712
99725
99735
99735
99768
99768
99771
99773
99778
99792
99792
99798
99811
99825
99828
99828
99842
99843
99869
99890
99890
99894
99897
99906
99913
99964
99971
99971
99980
99983
99986
99989