64288
9425
40243
5177
46688
62673
59226
97386
48390
35738
54482
63396
83189
22391
84826
37607
11219
38043
67140
10357
52905
74602
16009
51501
13079
7505
20647
71608
24056
78192
70329
84028
20941
97080
63057
26222
71816
40494
7284
51396
74167
23695
27314
9129
13195
63023
77376
68073
70981
50618
1812
76524
80060
76443
47069
53600
1069
94810
4892
70382
8351
40768
63426
97103
19281
20247
73064
97112
59139
48525
17221
14032
38238
14967
88112
44354
84353
79729
32178
80685
64841
31043
24454
73017
21851
34816
75344
805
22801
46024
95224
2396
1344
86317
22850
65637
97282
95027
22283
54041
90244
74129
22209
10032
83438
82996
46143
27348
37738
35842
54852
89463
12403
27995
40367
19553
33243
16668
12537
68065
86169
18878
14031
97700
42542
7643
36139
3780
42322
36976
46990
56152
9696
42590
33084
75753
92571
72811
88307
87524
40731
42374
72937
97131
82615
81447
65314
2887
61136
43860
77451
67128
32216
81792
65270
35852
84350
81197
51090
21294
26999
54675
46022
10998
82091
42617
1642
38431
2361
43424
24513
10069
3495
35840
1239
10541
50154
60969
93300
98351
11918
46795
42298
70510
51074
46097
94432
22328
94788
1768
27211
7080
83493
33630
33542
11257
59960
12742
78174
60565
98652
7096
6813
28908
32643
56212
62337
40320
12222
34471
80791
71645
95112
51750
74969
95398
82764
44023
91298
17130
2899
784
66090
98646
19950
59895
81059
88004
84220
46792
15758
25841
83736
52565
76698
37100
43779
57383
47482
79401
36521
58243
23810
82582
90611
89000
86398
12581
95624
67221
46479
82568
24896
6408
51171
3259
77319
13888
4975
18619
40747
74724
54316
44885
90338
46908
22636
43929
9338
1405
18199
33068
49502
50275
31334
87325
59298
54
92123
64367
80428
52943
83451
95797
45567
87252
50090
57885
60901
69343
41505
4099
22456
31709
53326
17030
85965
25138
98472
29303
69085
70777
15564
44237
8625
97449
79001
24342
60906
69460
11654
42120
89419
43337
58843
2550
15011
70585
79250
37022
79643
17174
83467
53823
45624
2583
518
28263
89325
40185
15585
28490
59552
11680
75598
4848
14903
80603
57231
96965
17151
997
47441
38196
76569
45223
40098
48205
88065
27802
59889
19459
92861
39755
53505
66771
51582
18072
89353
7070
26166
49687
83339
65111
51414
13493
3279
76952
58498
68059
30459
78031
94676
20333
52593
24790
78986
30285
85989
17344
40685
67100
5561
84687
30111
95648
26615
42211
1024
46497
5195
47277
17308
81390
23291
81761
9588
68317
83491
85450
53672
27023
12817
7351
18814
89361
29146
56243
36018
33855
51671
87123
96315
78947
1120
17288
54965
22043
67075
35892
66255
69977
60128
23385
85971
51716
93316
33357
12206
34075
5312
2282
75964
34266
16550
93026
92689
63349
80480
67439
82214
77761
82124
18056
65694
86866
13112
75568
49107
94815
18454
41929
36194
3266
91196
7494
64592
61051
7515
29054
4887
28564
68505
18619
54130
57503
37005
94898
59713
43420
43351
75534
76088
59063
62841
44165
94762
32782
57078
19116
40334
10063
24390
93158
66475
68160
21747
44119
22822
44089
31443
6072
34020
57899
88898
44995
62430
52420
41179
73485
73313
2666
26898
30611
71934
79205
40658
35117
7765
38746
30862
98720
54648
21393
15014
65168
60543
90424
18904
41074
9480
15136
71232
13727
80745
94149
4206
95652
55092
26604
94723
37398
28293
95013
13031
35076
25547
6351
87369
21253
43985
66746
88468
72496
41191
13128
80747
49738
28562
70509
16033
5657
17580
81046
72631
439
90297
54662
7667
51779
81000
92090
25209
78258
62947
84878
12841
28323
61235
27193
33492
76143
89682
3956
94396
68031
4910
16696
40680
35736
10007
76804
94848
45969
61414
34654
97579
60005
69353
63281
2243
94500
7855
13748
89266
47492
59277
75948
2635
7444
21802
31943
26567
62033
52717
66185
4058
52498
48545
44709
14673
88350
94211
43489
54539
13758
44008
66779
94353
28012
46029
29610
33587
80266
44796
29917
12449
8048
10199
80864
97762
80509
96165
7038
43253
49166
81430
8544
24674
36205
87765
49970
26523
54017
31625
80231
51220
50755
22183
40499
59708
41297
95992
75574
56151
38843
56259
36185
45562
11642
72279
18961
75235
4928
46294
24544
93266
63403
95393
85114
67655
29396
6428
36773
74361
63684
15998
46234
77232
74661
58200
51273
31073
29302
14879
83801
30884
28153
8888
26956
30194
96199
67199
56800
64960
72867
48275
59410
28051
9611
9473
86910
81471
34378
21484
48065
50368
61771
4438
23551
29012
32136
54542
49345
34259
84833
60598
73174
56075
62665
91439
96378
97053
32729
15939
62292
40718
54696
28911
36121
72107
56050
16939
76014
94236
25492
69752
37610
11363
35354
90149
54746
11026
64400
42589
80702
81350
99413
85328
63505
46147
98638
35036
15303
4333
86743
11000
30543
47041
83827
16446
83063
60942
76292
71539
30702
2196
62518
71636
32484
80471
97974
33182
76046
32063
1473
68889
8550
36687
63575
43074
18320
92639
92910
24660
18551
94425
45442
99314
43413
40301
32298
74260
87377
1681
55910
90252
6883
33337
42868
16724
17043
52494
93794
74677
4160
68398
19966
53558
51452
36801
80810
34079
44052
73139
85835
74505
17262
8882
99712
86853
82571
53126
687
61253
71980
54759
85627
40555
41328
60672
36274
24428
39931
59295
40035
11008
31155
2965
31405
64521
52932
76560
60914
75741
98179
78898
39530
31057
88848
34318
66100
75940
94484
34655
93127
26150
56714
25701
4775
64707
36634
37821
60147
97584
57024
42651
69627
82225
38412
65991
32207
25508
18690
14673
47123
61326
88353
35666
67567
72735
6497
8449
69250
34948
56085
1550
41238
30378
25329
57854
82158
21258
89861
33316
19197
12725
66598
70777
83216
38653
57006
67991
18795
27325
16090
16471
53458
74118
66002
96037
87261
17127
66405
75293
31631
35289
94258
46597
47744
35684
92931
35207
45333
98161
21140
40041
85713
39790
96786
58538
64902
89079
59742
48699
78820
91111
59504
77687
37746
29626
23512
92321
14362
95870
69024
65945
34397
40918
91534
39834
44424
3978
11974
88051
81887
75823
93131
48800
27766
31214
83366
16868
74623
27092
34207
71173
51293
29206
59816
71044
82967
67550
38714
91736
60200
53462
65334
26598
9459
61360
39950
58335
53395
98383
96956
76022
87249
61750
46800
46076
12655
22219
50791
91418
6177
86184
87478
48202
59067
61790
72358
24787
48869
57350
39290
63071
24076
77253
89836
8634
82546
8186
35829
19209
80965
9096
20363
37509
20973
7835
64516
45107
72735
36953
1785
26625
18095
42182
80902
28351
79394
14771
78190
56727
15553
20869
79900
98506
71753
85950
91268
71369
45600
82314
71783
95981
45634
82343
9077
51027
24025
50193
63949
70071
97451
36650
42880
53612
33933
29987
65716
16182
68598
89802
14757
71044
95438
99376
57477
24877
40005
67540
21123
12262
288
81105
18698
54525
38670
57794
64864
81205
77240
80686
1039
95614
55031
73651
65697
89040
64480
18323
30500
52132
8474
79061
3405
14383
39088
41434
20984
24828
80098
59390
30574
46277
47190
87238
21279
68622
38956
74476
16143
2142
73615
42883
58477
3002
73095
22025
638
54016
13835
2569
63929
75613
92339
55946
79115
11051
42124
15064
21242
45515
9093
73965
94375
41627
93287
91835
69133
58835
23937
3384
28422
5378
11648
74183
23148
57024
32574
46751
26332
89488
76594
73850
49495
31413
61733
10524
82499
70093
45989
91678
53327
82605
81842
19574
45075
92091
23349
17605
28565
60066
67537
81308
29672
52534
88049
72364
47183
54244
85953
457
82304
93589
84313
53370
59171
10271
37492
24415
21305
75240
56159
39839
89978
55608
9165
1326
65015
76537
42470
76247
68158
77838
70656
53100
76123
27021
46086
44775
87291
37274
74356
5883
90220
738
77669
52060
91617
14513
97700
43272
59602
46736
88798
54320
91231
52830
74713
96967
88629
5962
60478
25862
79658
42443
93105
51642
34882
83260
84929
78187
72979
98646
50715
86025
43782
51884
42361
66549
78516
92445
35544
37737
11056
35098
65671
13221
54116
73333
16251
33079
13491
92321
51263
11686
72509
98988
1769
17084
56033
78614
13960
25869
69404
17996
85434
61768
88944
75686
39897
13017
20993
46873
47701
78360
43544
84857
6685
54034
89514
36623
58455
32369
7187
68403
3055
57771
83836
78950
3852
70116
94268
99055
31582
82625
56538
39792
78132
13546
41968
89764
234
81019
74027
46967
82495
31688
69615
83074
36100
75882
20855
69217
22705
81449
923
64083
76306
25640
92874
11406
29054
61000
21879
53084
98056
27994
50128
47894
19182
10501
48744
14779
76591
12624
77303
79660
7898
6796
99223
28776
37313
13537
30095
13663
73932
2420
99085
86454
54410
54706
52748
61046
15075
52507
38453
12208
85672
37293
37090
33489
6380
70956
27230
43166
29420
79499
37832
4397
49993
2874
61974
48799
3063
3021
54453
14429
28110
59396
10127
3502
65565
57084
59398
56819
40158
47793
92060
81312
53764
97294
23765
74327
11410
24979
3988
51522
37957
21794
22531
81996
20465
58182
40686
5628
68810
17088
32334
36943
62201
54383
73283
46130
66638
24987
35963
67481
26260
15711
44303
1119
53888
89744
13069
76506
36035
20846
86672
53178
75519
17671
20811
72286
32790
67362
25413
84338
25182
61486
69181
87401
52049
39848
75791
70323
14529
41571
90799
47644
56553
48471
30514
66081
72414
59400
76269
76623
67140
4658
92245
59834
61437
30990
31589
24087
5564
49188
78781
36950
44408
8397
81447
29247
61788
6179
82294
81064
32251
22599
23655
79792
12609
14863
33002
86939
74372
88266
57433
37291
70553
91025
29382
99735
60387
73292
22196
64778
19943
35486
3548
56827
56891
3215
46032
82181
97660
51252
52859
20162
62495
96156
52647
25161
44159
92985
80249
54240
64565
50569
85079
6784
85606
92449
73097
14084
9302
92981
97245
33165
698
72134
7012
8598
54347
28648
62427
54318
9591
55695
42372
64887
15921
43990
42226
48570
40296
36907
59172
81125
68182
41242
69320
53827
58479
70581
22465
89878
6137
31645
66435
81107
33146
12303
16699
91897
44973
60398
51148
71344
57167
62280
70292
55930
74230
80904
1005
21305
98656
37304
20623
77885
95977
70673
38930
15559
7095
48065
68818
56512
44464
52855
11627
49263
52747
19885
41956
24155
580
74483
32168
89757
61736
89940
39087
56288
87952
14023
31515
48888
67115
81429
32542
73085
94356
12833
45657
71586
26691
25913
65280
67862
60863
76472
50969
77015
88817
65173
5059
24493
24948
33579
8818
39818
17256
53798
23033
84764
94437
91047
15233
40429
63341
90708
24469
17399
47322
56159
44928
65799
77879
41329
88526
15437
42603
48947
49456
22973
29968
65305
16347
83973
12257
8652
60624
70827
21841
68882
89333
16867
97849
91899
98594
6634
83209
94155
47001
17666
45088
73215
7340
85098
80791
4030
85538
10648
99063
35485
81268
36022
61899
64143
38994
2359
92144
77704
45379
56916
4552
10796
20425
60328
3950
60312
67107
46564
88964
91980
6252
51759
8329
58516
8417
69534
89830
32754
45279
96268
9799
84682
69354
65878
74087
60682
94027
96758
52260
27123
26513
23417
69105
60072
39672
79775
82314
47986
53159
63055
18946
56909
96915
80981
91673
70675
98209
32185
45578
8643
6313
96188
38240
94894
60438
97137
40712
75006
22282
42198
25441
30146
5918
1038
34704
68890
18118
97917
16016
29500
79091
19711
77063
92993
41139
96101
12020
91760
81875
24909
87173
75972
5700
76125
69189
54972
59035
86363
86833
77247
72147
65836
25451
78857
53133
66023
93800
29719
35575
93045
96997
62507
35851
41032
60183
46588
29774
38901
37855
23678
83865
28303
25499
77993
31124
58977
97498
3080
33374
37128
14344
25153
9641
42283
63687
91420
38115
40824
48735
15377
73711
93180
57964
55155
17042
52222
81621
11315
51209
61144
54333
85426
1079
76851
62386
72838
96061
85727
71363
76232
62082
32812
23855
95480
54290
9863
43384
91086
60355
66292
85431
37374
45234
80997
17257
93255
81004
84148
83494
32344
20681
77283
23954
49247
76114
18957
68716
84528
20067
47336
6917
77902
50892
70874
85675
89401
35441
49621
89507
93140
16178
50737
87604
10257
89668
28100
42016
56444
41246
79616
77870
71969
33648
32585
86530
41178
26766
65009
41263
17689
13866
78547
55555
3663
61183
38536
55776
68215
94506
90921
72490
79969
25907
70369
59100
50590
70634
60206
77141
65157
50316
50325
60433
92737
66820
1471
72978
98743
59150
4915
36669
72791
2263
55377
57025
33950
4768
91816
86129
44837
73057
94261
14835
85963
35691
50394
35793
96410
25254
64246
56077
80120
8249
51494
20242
34572
39719
86808
92997
60330
73558
58951
67802
77917
6572
72760
99971
3088
66866
23152
36643
54650
28602
77040
58849
17699
79197
48430
69144
81431
62237
11921
95627
65350
21065
90824
52822
56630
3775
78344
85632
60774
35691
87393
59020
33631
40974
56699
99054
66265
50042
66962
10395
16711
70809
32875
53721
34912
61134
80210
37685
27851
64915
57874
74484
72870
78177
55120
38529
76915
77487
13988
9125
42272
7921
29684
98389
45457
41345
43983
77637
61004
7963
95683
8698
90689
92707
61180
50910
68628
53473
84090
42732
10249
6476
21613
57418
72682
14437
53008
7895
76631
41818
34815
60954
87851
62283
51446
79642
32967
87881
8999
3532
84830
67418
66327
58535
7805
71386
24887
35220
98196
78907
46074
17568
21732
22989
60407
25203
71751
92984
60861
3067
31223
48966
8333
89986
53820
69854
43033
95807
10134
27499
9048
46664
47299
43931
95874
10757
81133
63683
49230
98783
98195
39712
61766
86263
13075
47672
42275
13715
10961
21791
50219
11763
28166
56757
94531
67746
8423
39149
69331
18792
27825
24617
13237
36956
23758
41857
99768
77943
53447
71362
66935
50723
29766
86675
89650
3251
46663
52018
26310
26060
67419
91005
53006
62721
74968
43725
82069
53692
2176
63613
91222
47000
85675
9832
27858
64268
99828
15376
59245
41154
62782
52219
37158
69733
83585
62360
79665
93497
27221
66400
77683
21188
3929
25751
6361
60970
93921
84401
83606
21494
44410
69073
7479
42676
71514
91565
43716
93021
1257
99501
55541
30921
25414
66099
61774
57736
50904
88212
40281
87884
63698
72932
55391
91870
3681
45264
35266
68241
8949
36101
99386
59188
29738
35694
44426
33504
73938
81946
10750
69809
79904
98204
63748
42546
3859
1420
24483
54705
13534
91403
13564
93778
87792
28772
85628
35519
70341
86541
34908
55900
68264
87821
41845
15864
66947
70839
73571
71232
36901
52981
83669
78414
36046
46336
78957
78463
26874
18379
43610
19971
10952
8224
25232
28109
74725
43426
7905
30729
47962
85265
3418
35725
57231
86028
79420
5896
28890
23729
89590
40088
18280
72352
96764
22392
64103
94078
3942
72086
92589
56309
65958
9282
26345
10872
4327
18338
84164
88387
37599
41250
4403
35713
41650
81449
67164
8104
37603
57799
2915
65472
48982
53035
96112
53153
60679
53169
94
79641
69121
38712
74594
26892
72476
34706
726
10774
99894
14996
21633
60780
55981
74733
50917
26177
39798
44500
36101
10788
22973
71578
44049
45479
72857
99710
24080
50554
35531
76671
8872
77334
63123
60748
78444
35061
43215
18391
82339
38142
79857
90345
87377
10144
29244
36207
94436
87956
94587
58609
76317
91684
86238
6243
16153
80554
41202
47605
52924
88753
25979
23685
42265
33880
97520
63509
50175
36693
50452
82006
36835
57814
47020
14019
9222
55714
89602
1739
40484
50686
96949
75110
95832
78604
8251
37448
30159
20366
49396
94932
35688
2152
56428
78632
84164
10916
62028
59926
51599
74926
25565
62738
27339
17919
17147
49383
66678
81304
47282
21413
96088
94884
84856
66965
84651
31968
41383
16365
41350
10999
59988
27678
97000
88581
48049
92202
50174
17629
83067
36788
73137
51398
41505
28496
86095
256
16050
43225
29844
71620
44449
75201
39668
29066
83000
99971
31464
54916
57526
98676
43731
67592
65767
61048
69840
11339
43230
99569
77978
520
56433
75283
93303
45279
48881
90739
25186
50651
73349
66973
7796
9836
41922
92740
25518
96787
73033
38100
72389
87548
36989
3747
54250
65189
95263
85094
12693
96925
99144
8001
82957
19528
99682
62134
12215
48991
29539
81919
38841
96564
31463
38678
60842
65651
15114
40465
37016
8260
36191
63179
50037
21452
9295
65917
45054
69491
625
94732
30665
12417
45090
22748
24651
36002
76738
87875
97156
68073
85515
77720
93864
93744
5998
78281
87658
44605
99116
39948
58086
34592
40941
85325
6508
67544
71361
79495
81956
51222
497
7598
5922
25946
92609
91400
89416
34201
60452
33820
83922
37728
80060
54978
9762
45650
6636
41754
63720
46125
41116
55481
27982
75659
53961
78398
72254
46085
92166
35875
63760
93233
74451
49935
1267
77644
74776
70152
98391
70994
18334
46182
10357
72714
81354
23330
30780
15455
29559
6765
34489
48233
71151
78269
96066
78027
96133
57154
68735
73397
74674
72599
47669
97577
96075
44788
5744
99098
74747
10433
66253
60977
34338
49828
36481
30122
56394
12667
36682
61755
59425
55462
25296
66388
29240
12571
10870
39073
56471
83197
74243
11021
22490
47238
91912
48833
13836
21057
53390
12458
96063
98261
50685
55193
4774
63644
96811
91043
67567
67026
41663
19689
59231
72296
77057
8178
59915
91159
25504
28468
98225
41554
7295
42385
65650
6869
55517
81182
59916
24858
67647
94399
56791
30314
3580
22574
86620
92016
41158
22427
72237
8745
54032
18349
2437
73560
13152
2151
14077
61910
37330
14086
8456
64294
32934
26374
87372
29543
93287
99843
52094
47970
44345
85149
45560
30147
80254
6741
54553
66981
71141
88629
39481
78246
54832
94540
60263
53850
97537
2359
52834
69115
76704
21627
56144
59357
43211
14894
62782
16064
28059
89909
74549
29663
80463
62376
30357
13701
32151
87410
90257
97311
85310
12341
84294
93132
86293
95658
33145
95058
58616
54470
22189
89578
15520
64088
59165
84539
24100
12750
14940
33636
18156
63192
86310
6419
3092
62020
80163
62259
59450
84456
51512
70146
1732
99679
24617
48320
93809
93386
49935
59587
71642
52056
82546
10600
88324
55872
28995
28580
29285
36107
15545
44408
65648
41519
24966
69635
97023
62101
73940
79281
77980
13756
55330
28753
54604
34775
68405
71973
61400
84625
98685
78802
55929
87153
90821
1111
18784
29464
87798
84571
93216
25831
52009
53183
23577
79934
87079
87570
18049
97119
89759
54691
47920
36625
88034
48113
53864
67457
23519
53279
49759
74306
88694
62179
63307
94773
88315
20925
42377
4036
65130
99653
30922
81448
57441
87197
42107
6218
20222
17030
66543
86374
44789
94798
67755
46572
49518
88518
67886
55968
4954
75090
62362
8962
62384
48858
50563
2376
73896
74078
65235
7559
34322
678
46264
80784
74292
82486
29995
38678
28191
32129
99582
41934
68269
94261
77185
31408
91737
99828
85520
21018
66778
38531
28637
75828
73021
61659
22997
78958
99295
18524
88402
81669
93892
10625
59645
18340
11734
16783
22269
65543
84062
57256
54273
90523
25336
8284
76229
70786
3958
49023
84868
51091
29524
23285
17083
19997
92147
74569
98454
36267
18900
16157
17305
41923
4978
91932
44173
16777
22236
63467
14181
4513
23726
766
91403
26002
37356
95784
55180
12869
45083
83946
14109
6509
97691
23500
49097
94400
19332
29865
40568
29635
55995
77540
69341
2565
57458
64217
63036
36994
86330
30415
83126
93095
16453
27465
50290
8469
7836
1147
22506
49950
90010
54938
64591
5581
9187
3020
73562
44194
52453
68703
96145
78235
31049
43190
52210
93166
93974
99869
35454
14162
20355
99773
9541
86142
81334
48171
91242
43017
41053
5083
76306
75089
53896
54419
86799
7607
89345
60826
45923
71143
64074
62287
52692
17653
786
59573
36587
3299
77107
24844
67368
72223
21323
68987
38597
57129
11572
78889
65573
23346
49922
44876
24665
70400
50585
14360
82223
50927
20521
95673
47896
3474
67271
56508
98196
57430
42953
11783
70621
2727
47165
82857
10700
17163
3942
45580
89931
53805
64789
37191
89592
71381
60352
74800
499
58130
57857
38063
23653
65817
83566
33773
46253
60199
89456
33515
70248
99842
6594
63503
68635
91518
75944
70202
7488
92412
42057
6709
88043
41229
42923
73609
97080
41748
82826
10413
39763
70793
53332
91706
31236
42425
14884
6619
43189
20907
21177
84864
38209
2014
2354
22834
92602
40142
9224
68545
75159
76533
82120
47064
28153
99182
5451
54706
12088
36724
596
94758
72398
80329
40838
79262
29792
93684
84415
55366
80229
6369
50901
72671
76628
46444
94764
48115
9710
28664
5233
97411
78565
79514
48501
93436
13672
72371
72201
19528
65644
89818
41459
1280
25688
13623
45547
7999
78253
53132
72852
87250
70192
15567
96794
98572
88054
20274
67268
12310
57163
90403
61846
30051
94110
46766
86247
3842
56172
78785
90297
65709
18312
74280
47898
24062
74948
94327
83222
8416
62111
4198
88023
74915
29867
89878
73530
44330
98841
90386
38287
25631
15780
87377
90701
65479
91446
10775
10127
69807
70875
99771
94479
94501
41120
29316
32702
21124
39335
21996
49181
75591
25291
91558
11323
7774
75338
33692
68683
56734
55315
99825
35552
80243
76365
26694
12744
45649
92802
19640
93027
52264
63559
64742
64255
54646
53289
47696
47410
79638
23093
42939
81362
46710
66915
14897
1556
86278
50720
27589
57919
33068
62103
29236
19596
7925
49468
57799
17053
10566
82581
95029
62519
69648
12997
64773
21597
23138
36565
44594
56362
48665
56641
74727
24875
71090
57373
55689
45174
51871
54146
50772
80715
20056
66105
12317
98214
88745
94947
6871
92030
84074
92707
97842
49341
86924
15880
80957
43708
55918
69882
38764
52507
28399
77440
73365
39834
79902
72108
35444
47574
25262
78916
10542
51107
80677
2766
32658
26563
41876
84247
63163
17984
46624
92960
79891
62316
7743
70661
88818
34578
57214
26155
33188
31640
96127
30822
70472
74196
64736
61060
57908
19848
98614
19193
30070
98139
39865
20680
7286
78102
120
49771
69783
33975
6030
2336
3036
84341
83884
45904
61127
44305
2454
22108
89820
59350
66666
10598
69477
83661
90458
66649
97199
41183
52411
92758
96049
24999
47126
66621
53484
19411
48348
10356
60750
33335
87894
5399
48113
58350
58650
69308
15968
27087
28889
81185
20154
59912
26006
68693
79119
12793
84209
64832
55431
65775
75297
73583
97346
12315
87233
69024
7738
6799
33057
73158
40868
96980
40381
28025
40374
77995
47658
64766
26722
18046
30733
80303
86241
99778
35910
97254
5963
8748
73161
67275
82626
38093
59533
79831
54350
25675
89597
94469
9699
17597
64781
60692
28223
24578
25958
63419
48367
86527
19010
83050
11889
81427
72948
95224
21300
9369
53214
30735
65980
47162
83942
99440
98818
38188
48482
18851
24856
32714
2064
73696
76650
72433
42562
61459
53952
3509
94775
24816
99328
96766
59909
42163
70480
41154
5778
48018
89721
50400
62242
38689
57031
3222
39883
56130
78445
17120
94308
5831
35237
91726
97980
13189
53685
57600
91399
9495
75597
24737
43122
50348
49773
84669
60888
44974
97252
86527
3597
63824
66643
3276
67191
51123
50415
73270
52637
96469
20582
46078
84056
37558
49785
33481
29446
94536
23559
54749
34333
51027
64074
36473
22716
49059
9082
87631
84605
42991
92560
58398
66119
19014
11654
16
97632
94679
25081
5100
62560
22013
48752
4665
57697
7141
21943
45393
32082
95838
45092
88925
44810
74652
89754
44755
98585
969
81804
78280
70490
8233
53945
92243
96773
15016
56405
79136
43170
10434
88201
95150
73464
23214
11057
84774
63747
26664
79939
3608
75971
60634
29231
82035
19217
63206
45698
70049
26957
14642
48485
90173
7602
34897
42210
29138
8843
37866
22822
529
32032
98887
40290
14510
68840
41725
95404
82680
37666
68786
92418
52723
82591
78192
80142
8308
27798
39972
37285
48888
65403
20563
63338
20865
25098
65467
83952
14446
25117
16385
89820
51478
40701
97500
6568
14401
89750
55772
28708
39427
87011
71000
55896
18966
89800
27668
24900
73427
20350
38475
78184
7884
33800
40255
92319
3241
34565
64858
28454
97117
41791
13247
52251
92548
61952
99890
82049
95068
26884
61249
5663
4028
81129
56942
78568
5589
66466
27962
39029
61060
41100
99311
50830
68305
93080
40266
745
70568
57255
771
8329
67633
47508
47386
99431
63790
5802
9472
42862
6961
90646
41279
19712
43063
29368
69415
65814
17956
24211
58998
27941
54012
18500
23267
55004
88443
89263
63784
63082
89811
21428
73961
38172
29280
43137
69413
53188
81769
26177
2040
36725
44277
48242
35274
72651
25926
2196
6008
20296
74615
62430
17629
22456
2638
78666
20668
90102
69246
35408
43341
75111
88669
57169
50946
612
77244
18570
62708
70774
93128
44008
69967
39642
72667
51354
27286
53732
87296
18818
64533
96575
13474
59494
10369
28338
89903
17379
45934
92799
65038
73313
62221
86373
85466
14145
17695
37669
58202
40946
3195
94721
39103
32516
79128
9984
67545
49076
1144
15631
16182
63237
92945
33857
49368
15472
2776
8151
58162
46674
48492
88283
41151
38532
11421
390
76287
27784
50231
93026
86798
38271
8303
16617
41987
64343
3656
74220
68322
76962
14882
99792
5854
85058
96257
75954
44975
24672
99989
98891
45163
14459
43499
66063
20292
56094
93423
66256
45087
71914
55260
30687
13676
78099
77314
53234
86183
53575
42611
93665
92297
94856
41962
76875
63051
92251
33464
22197
49465
30521
4044
29234
72975
35203
60543
85695
73939
43314
76249
50565
12814
12652
64195
19009
46632
86899
24682
5760
2975
77847
14476
95588
66372
35436
99075
22116
78066
46902
55115
14639
99563
61217
35058
7153
56817
8109
64987
90734
20702
53990
90542
17067
42209
63217
60736
21932
74262
51907
33658
94904
2720
93452
97096
36280
83813
1520
71553
34719
5062
3862
79950
54308
39290
84186
27289
88906
1414
79069
26484
1664
53371
31580
93282
41380
50796
9182
29126
77603
77322
80006
39366
80988
41565
16073
67451
12130
80737
25049
61848
63232
19612
34144
77589
22934
53048
70249
41911
51106
84545
59287
89053
33402
5628
74841
27369
29654
8481
49109
37866
47723
89751
20865
46658
76273
37483
92626
32152
84422
33869
56587
35613
22123
33639
58519
59475
31852
48218
94833
52766
96989
62710
53088
73867
77312
96502
88545
47832
86756
98070
38332
25855
68743
18483
30745
28354
76859
18941
38731
76020
70375
98139
16490
54370
48932
76891
49503
8573
61896
18388
83480
32484
12928
94810
7803
50898
22261
29
68663
56481
77713
23903
19190
56698
46747
74544
51503
43803
33983
73832
85529
52323
46025
160
94841
24029
1679
13805
92604
31782
77646
8922
76160
29820
26445
71584
74732
74086
56542
23461
38049
39674
18563
85295
99688
93679
64877
83075
62986
99456
46783
223
75774
7448
84529
14928
62109
48224
96848
77840
34194
20291
50915
93983
3182
27227
67305
83197
8536
70906
61662
96226
47393
81814
60445
47162
85908
91953
69022
20993
34252
84484
94464
17110
81857
12648
55362
38655
44922
30209
56812
61337
86758
32648
76811
21305
63558
9779
8089
54212
59458
46403
1466
136
81404
63721
35810
24501
32033
13301
53493
31676
80891
79229
6279
51842
27811
30215
73410
24704
12564
10388
61349
84475
88059
51176
11625
37595
64011
79738
53194
89518
37844
3125
41162
75541
87687
99768
65939
93168
19727
19284
52841
88473
89630
38198
16470
31370
55912
61778
17545
79535
54283
59552
23530
19574
42872
90721
81688
11395
47874
28928
2402
63296
36674
33460
68126
74450
1861
17186
51145
93894
62579
52447
84956
42090
54492
18227
26183
50009
10304
64504
80620
51534
61691
18530
67291
58714
32012
82713
56454
98448
23265
21729
78464
29981
12033
18075
43639
50005
71445
41156
1770
68808
30388
24123
78504
3796
60489
2176
94088
63380
22691
3800
56831
20214
55193
52621
47233
26795
6168
23634
70327
10263
27018
68708
64089
80008
81445
23116
63848
75523
47341
59234
40842
16889
41286
27019
72483
99897
33787
61603
15245
43392
82180
56373
8468
19595
42680
85638
83281
36205
17583
5650
72064
56796
39057
61743
56160
92965
52257
43374
34214
14304
63360
92672
51230
27870
65215
68148
53632
68734
68325
67742
10699
44320
97720
72404
2336
13009
26540
42674
66846
82373
54437
43869
24309
26082
36139
89124
41225
76440
10249
5827
72069
11503
1954
99906
44185
42554
17745
79770
3378
36551
32602
56663
60757
80568
7027
15480
27160
25355
66729
80595
26748
53173
3696
48630
35786
14446
61034
38217
45609
12486
77107
79535
67098
14806
17447
332
48976
46768
56657
86592
27151
88440
64081
72176
67456
40812
45416
43302
5230
7775
26979
58799
48768
48547
53026
59554
48659
42820
84836
63137
36563
96914
84241
31799
3191
69495
62371
47618
43414
84807
79058
9418
7881
30900
91131
93743
84255
22497
81772
27585
87287
27503
74894
17832
47261
52147
17007
50468
51812
50056
16780
57391
28860
33377
80888
27135
70928
56791
73195
12616
36288
92032
55849
57757
9174
4193
58957
38359
64230
53658
12530
31086
72455
59327
95999
164
53928
96840
84173
30689
82001
57886
56246
22361
77015
56757
7611
54282
23195
71993
89969
79330
12704
59553
52266
91581
66184
47937
50364
32971
4426
2395
6448
21936
31537
53173
47209
91397
25940
62118
57518
84477
85517
27337
59574
26274
74841
74868
5967
61437
6955
66019
37259
32244
45805
54541
31048
72045
11700
36632
26842
93585
26942
71785
23735
97932
69835
32211
91551
56465
73109
85489
32198
54011
98542
35855
98112
42669
4149
90401
75336
55995
38164
73911
88044
27778
34904
70729
96408
97714
73582
66540
64509
91244
41719
33383
36926
13542
76968
21823
84887
96267
86176
73069
13867
46079
59078
66002
67560
42880
25375
94017
33209
76041
81769
90394
21608
53328
30135
52791
86030
66223
40106
47071
10360
75648
40392
64409
26103
49569
32571
58138
65893
13750
33193
87679
59727
49582
15563
94742
50179
53534
51948
17559
57239
11882
82400
16048
82643
5026
18110
32669
83741
66729
29372
43543
17023
83760
61157
52451
8567
85537
66298
23659
61563
53272
26210
54378
29414
58507
3535
30785
15716
86315
99279
74759
45206
32035
10827
1469
83394
71324
39360
90718
34938
83331
42967
71606
30535
58882
82819
76810
75570
83915
8279
84469
45038
31156
88769
27155
85638
54779
53575
99669
75199
96267
99260
33141
73097
41015
12063
94756
7015
98819
54225
79743
80792
47522
9233
48704
23906
85529
53365
68049
98075
73283
41063
67099
96371
72238
73562
89404
26657
16706
12583
11511
2376
30594
5736
67750
74885
78059
73009
3338
70328
14841
38630
37379
11565
16073
27132
91547
67366
85721
35152
47964
23238
96172
76606
6178
28189
39497
70208
31915
33931
85411
85635
76491
13683
40596
87495
49852
83934
11170
18771
8179
6024
52419
11954
81486
22347
97949
95950
72489
26150
98374
17319
13168
38025
4906
85680
48078
32544
51435
24839
15587
66073
20387
85519
86645
44788
80325
39276
84766
45159
90337
17850
77859
86027
44582
45737
75652
69670
41249
33017
74767
29557
1860
41039
64495
9078
3874
85041
72514
92656
59831
35332
60713
4447
69637
6623
29048
22144
21209
14891
29933
25301
30667
63161
84093
97013
37380
2592
94058
17971
18234
60914
51921
67562
21559
48603
67455
71490
27224
26069
73924
50433
98897
58346
37344
26833
90574
22855
28825
96521
38932
82136
49551
92059
18213
27334
17127
93562
43330
90539
7395
83142
37676
60686
22546
42326
95043
72383
52836
26528
91919
24816
93494
86055
60221
57421
33164
98146
3745
61916
69669
10618
79688
391
7695
80307
30324
84323
83343
26149
14844
49907
16883
6234
18431
1944
45390
75084
464
35776
41093
4460
46357
74493
71575
57343
15714
6097
58407
46371
43790
26597
3079
4399
12143
66745
60675
47768
30359
94166
57223
9551
27050
76671
71789
13384
15898
85445
91655
4758
49441
91353
54245
12146
59482
88381
54820
32475
86013
79828
60467
93303
81493
4888
34339
30231
48928
44810
24363
28792
90722
90755
4245
70182
55142
105
7241
85499
99986
84990
62675
63077
28358
79443
18163
53286
47569
33273
80834
50965
23632
91352
3100
28738
58244
13528
10190
30262
94063
29021
22940
7416
57291
37232
18703
85420
102
375
43322
14423
79901
1031
88520
70142
13588
95280
97124
72075
75344
68599
61861
90737
9425
97793
99379
32519
32304
44842
41626
32336
43440
27702
26250
22844
28260
35231
75720
16263
42525
64077
20950
51423
34030
65923
38937
73507
9182
34710
84556
48774
40745
40345
19457
1235
33652
53491
22191
35435
58859
17298
44893
43049
62009
64313
97161
6055
30850
42325
82581
94138
68448
33293
93678
77527
48249
86168
87675
48793
56537
19720
27167
9019
2801
58852
56906
90047
57388
93523
70562
89105
17194
26644
69929
36646
48475
26251
55276
62686
10329
11030
82216
26440
88898
46461
93017
22885
43825
90728
86112
14212
94936
53130
85392
1261
43676
16251
69173
48217
83853
89380
43937
4862
257
96051
14708
48873
70860
15599
23976
29540
42365
38373
99735
58839
44056
73248
25417
13450
73227
31032
75453
39209
2224
19105
15379
35104
90366
40100
35988
99461
72684
94730
37279
90870
8452
74005
77969
3159
56863
80137
28400
97502
74050
91751
90164
85226
68437
26779
24531
81165
69052
99627
42823
21738
22836
61872
70942
87769
85035
72193
1533
75496
98716
96042
80594
39996
83814
29308
46901
39861
85897
46302
27705
71599
86364
41569
10997
49028
57037
84337
20682
17807
62742
51463
64977
6828
25016
42971
47171
55100
51479
28855
86307
46084
37362
2343
30091
85108
70429
32204
72274
10533
70525
48752
78135
79228
54495
21108
99725
61355
8853
36358
98307
96119
23726
96654
95919
90132
78097
62246
72950
70700
59286
92074
52890
24254
76257
41733
85537
35939
95100
61547
80414
9868
8751
80133
34142
53896
45951
29671
6993
41314
38656
43902
36018
14470
48216
8453
93077
48292
58962
53590
96077
53261
14940
11037
87543
46363
20797
78792
13958
1613
57910
16315
7211
38063
70996
2849
94785
14296
30991
6333
83795
56813
49795
73469
85579
41507
6792
22832
20087
36065
62224
31854
37401
3780
38044
69110
84748
90845
27835
22389
28463
94741
79520
53186
63311
86384
27103
97383
90069
655
83685
87225
28072
54832
75249
74888
17153
71760
88818
16786
71786
93904
74174
12626
82865
67445
28012
63095
82191
24649
13134
39919
58959
19296
69039
28450
94301
67637
9925
72634
76077
75602
60691
80608
30629
59470
10526
20194
3464
61105
87402
82032
41216
71347
13968
64935
79143
8931
50462
11461
31378
17284
7115
39930
10683
27473
88885
82335
35593
69824
15161
81985
22878
15013
3374
72630
84221
57581
51295
48
35638
56843
17667
40943
10735
46416
42363
56944
70960
19667
81383
27683
51403
53616
98821
1435
47335
38316
1863
94975
78664
7543
72368
81245
11228
30666
68587
72894
73732
35824
6503
83029
45245
42209
90035
74224
85130
42570
68498
49041
3648
7688
36411
20663
69293
46994
77232
16885
14854
29111
82521
84772
1164
92797
55997
10580
85562
30056
31836
86941
45870
74491
45163
16117
27217
75513
69644
78266
28709
74372
24234
45326
69258
48391
90574
11203
43501
30991
48225
14540
2381
37587
98143
27475
71915
38133
60052
1961
70509
60833
71958
63128
27247
23570
40638
69812
14248
25460
3364
12208
99124
43556
54774
79916
52515
56243
68692
57324
23037
6185
28747
32868
29392
20551
64717
1296
38008
48389
69386
92352
23561
76058
89805
82769
5628
35577
12116
24438
21236
52056
18477
13045
15980
60013
58602
74222
85727
62673
9889
32118
7987
78150
16643
52322
20962
5077
59959
52735
70439
8271
43666
82558
83970
98550
95860
91980
41319
15220
47234
86624
10409
34633
58140
29390
42527
82370
29243
30936
36241
35044
48041
41252
43777
19657
55932
31977
23672
81665
60368
73987
59148
9497
26912
30726
61579
73337
31873
9487
43622
25831
56476
61429
4477
10858
15557
8799
4035
83497
75260
49935
4750
83569
88352
43964
16829
7733
10443
19901
44230
55376
84398
29985
30107
73766
57129
60700
36344
70152
6695
25180
77420
61687
6836
72890
7874
62880
94236
5643
50059
17349
80450
93462
70601
25660
65273
11808
38682
15760
195
17443
96031
20677
61539
17149
15592
98938
1505
72325
63199
41319
57337
78424
98349
42502
72800
54673
57804
30798
48725
20536
71627
12633
91328
46193
66199
23752
94666
43733
73004
98653
44248
84542
31960
32645
54693
39067
60968
51993
73466
81059
22194
76857
83981
88743
56478
28537
31988
58336
83377
26104
31300
65960
29623
65931
90090
86212
65708
25849
7301
2559
58632
84031
84542
82610
90789
79860
44934
59166
33710
32358
58954
61436
92229
49571
44789
51788
73841
19508
43523
13451
45475
68676
57501
94272
3491
79870
33237
18164
33660
19796
45792
2113
22656
38236
32555
42083
24153
4597
84027
41388
7310
51207
24549
1588
49934
93832
95750
56877
43323
92347
40257
72628
50134
58324
8435
50019
51140
49814
26612
37444
73402
17309
59213
90624
4010
21975
31536
82006
55369
79436
76632
67847
90812
81119
51166
96205
95903
35981
2901
98732
34097
91955
20067
41121
93600
71788
84636
88407
72812
79255
93148
1848
49915
20919
41025
62752
5464
88116
5091
23470
89897
90910
13905
91668
53356
52530
35145
1517
53260
27606
64980
63630
34758
22430
65468
25909
46290
57809
14922
16190
53457
11013
99040
70741
99890
55270
68464
581
17760
34518
6871
4143
50092
50639
20442
85046
61650
73380
45723
8567
93578
81381
95896
91511
86670
13313
96896
34772
70339
10470
82227
15069
25414
68900
72629
51678
45108
95791
16046
97971
75926
51843
40257
35709
16327
97154
34375
73427
94211
44601
17191
64048
55245
56961
50325
81674
36765
33473
5252
94851
76037
22384
88073
71160
75007
66136
10638
29015
11317
96310
23375
42797
18540
38974
11860
98877
26989
37788
51755
63021
3121
31509
30146
94971
67177
53196
21694
37964
67976
29056
34459
39429
24429
65202
19553
3315
36752
42469
99135
67268
1352
95806
67878
84440
79191
49899
71365
26578
97427
19616
5980
54441
16082
98332
80255
26172
3345
30282
38025
92130
10753
94628
57754
45022
7183
53745
34831
99409
654
64271
18077
49290
22818
11532
40905
91864
17356
89966
1543
77569
66957
20339
7725
69803
7993
98642
15986
21783
73466
89184
93673
68557
68702
17423
40468
5875
5310
50033
51143
14999
86987
73466
95163
3660
70007
38307
67115
15185
28637
78187
12846
83756
81167
70104
89105
94870
9050
61627
82096
84944
93560
82866
31761
23412
25298
22087
11006
56870
37743
52821
38749
32777
1469
48490
61517
97710
44027
39848
37919
68647
43488
91622
53583
14969
67692
58676
91997
36560
15082
1564
66668
97836
45502
99267
60631
61625
11888
21230
69259
19389
43477
76098
97253
66155
43447
12195
52904
90836
43521
93438
91995
68029
74472
57571
57373
57707
121
73546
75046
95483
21819
23127
66491
89134
79969
76087
2733
10050
27855
64586
86863
91804
17093
31323
72466
56352
41645
39210
49247
18851
93597
42986
58897
75000
35658
31622
59020
56615
69833
57983
34014
21148
23043
17201
78000
70715
44852
72852
81320
70353
34624
65053
26655
50341
47027
98628
53754
1038
44819
71873
43335
36734
30885
25552
82454
59420
57720
52435
27537
20880
27729
16375
22586
47607
1844
83342
70079
38262
55181
89243
37692
91594
54680
86861
55854
9054
21683
81634
81103
19863
23613
88461
78643
94313
21131
595
58206
35885
9767
18862
2176
62538
88613
4916
35566
79055
54948
95570
31485
24771
21213
40722
35293
40787
42540
94269
11153
73802
38296
89593
32679
6272
74496
65522
50936
19401
22243
40119
32381
20110
51468
92860
47499
63225
50745
53245
79950
39529
55430
43874
85662
16070
87227
49597
96255
45966
44367
46032
90235
38990
67063
32076
1972
67148
38671
54133
46281
68449
61635
72481
84103
24964
24602
41087
58633
91073
30880
56948
53677
70665
66735
84448
31124
2883
24697
56895
6550
47936
66037
34060
95200
94669
61411
93824
10155
26721
70237
35800
91898
50069
22525
16021
67248
25395
23973
69596
20139
27815
14479
80893
97793
64627
80625
34833
45461
13151
74540
637
53590
46541
73234
18772
37013
43691
27313
5784
22497
56673
53920
77825
10720
65130
15621
19190
19180
64895
91393
78967
82375
66159
52217
69918
39933
39435
37250
75898
437
79005
5383
67739
85267
53721
56602
21228
40909
27340
24277
25241
63496
68625
88395
82770
21486
56194
23281
92392
29134
45324
72674
81717
40529
64539
40851
84792
76628
85940
36436
98717
8007
2242
73728
90299
63072
71911
92449
33975
61885
13844
70658
85095
25396
16469
2835
86448
9849
88003
63635
24304
40780
94749
48637
21912
63835
70257
15793
96497
65179
42739
82045
74656
26495
87152
83784
70244
58675
84893
68508
19483
53976
93480
82541
48452
89883
10128
39050
51904
45012
53649
61791
28274
63480
82167
10884
22469
80316
89300
62630
56717
36103
37068
82960
6821
48626
37261
63670
62808
24446
51965
72541
92699
80434
87499
2474
14135
23024
22824
32262
60964
16435
95438
53578
71313
52328
44830
11597
38433
24261
69832
5767
22863
49738
73763
38081
946
31475
21308
26812
55675
23799
67403
62362
60379
94048
61762
74349
49506
87175
95295
75706
3682
50667
36992
18376
47634
78638
13398
43627
85102
10316
32370
83304
81340
22489
59387
59717
52233
24630
19490
31471
23314
22896
21357
65990
42655
11189
23376
28265
19497
42483
13402
217
45213
13647
77194
40717
40440
52863
64162
58130
70258
82885
99156
64444
39799
64520
85114
33806
35280
60400
88002
92770
9665
69214
78853
12277
18667
3174
71097
60594
93905
98058
68220
37657
76120
11380
44433
972
38952
39855
70983
30742
6895
94019
2932
71385
97509
19787
97602
306
42666
22100
87488
27434
87915
4437
7417
42620
89027
32294
10497
54846
3710
18142
5867
48366
91065
25133
18359
98586
29221
24658
67945
67180
58987
58522
94902
78320
39433
1174
65112
33924
95802
25335
97088
81851
46740
44073
90090
18541
93163
56105
75724
52447
88243
79844
43465
16106
30786
26766
22626
66027
9364
70652
42540
86310
67752
33758
30205
60216
24776
29852
93247
85272
33382
28300
76039
27432
55521
40462
56255
61310
78087
41796
65087
60553
76917
69521
89307
25283
74489
16012
3382
35410
23864
79169
25108
13722
31084
29508
5421
57059
95461
82323
88765
354
41265
53192
58040
22950
19542
16279
10427
38369
72987
48810
30397
93426
29095
94231
98341
87403
38913
66810
98869
44900
9718
90516
25156
83579
8761
73344
4394
51397
15557
10862
22068
16822
61854
22174
96951
11465
34294
61306
15329
79916
15243
56144
67563
3660
90285
68331
99146
66168
33470
81133
5477
30484
43410
37419
96641
83677
51893
9829
32568
95955
65228
73536
54121
76936
57491
53506
94312
65988
11526
34282
71062
74995
62139
39657
59051
77803
57421
98785
52464
86397
52883
86456
89609
41175
97839
39864
84719
96212
5315
18759
23164
21825
59965
82910
80288
95277
22515
21289
58064
35148
4393
95322
66782
85160
57776
12298
50307
54533
9512
25484
50393
41582
74950
4239
96006
90529
99537
64978
76084
34214
83579
82809
94851
80956
68093
71292
28696
290
42662
97810
43253
4356
92479
93884
99296
52972
96101
63575
41803
98341
29474
49034
67040
83226
63943
63518
64294
36221
41320
18861
45042
60196
98964
43604
70828
26958
71823
29218
68317
45124
46862
49395
33746
69882
95214
49942
77072
25652
91697
41897
25748
22757
30774
54374
62629
38227
88052
77591
62489
20503
99666
14150
41600
50496
41158
69103
80657
10007
91721
58870
82832
9277
2548
52373
70840
12432
83897
51310
13418
8940
44991
68895
23826
8303
17627
94451
15667
30165
6280
24533
85039
31714
52036
90815
64788
53118
46662
35920
50790
43706
25759
23356
67493
91217
45228
5854
17243
96009
693
22025
58948
50553
13253
31292
80666
74212
50887
93811
4220
76420
38905
18970
48059
13890
84624
17341
28385
50530
70024
67354
49854
69691
27301
9368
9808
7075
95659
62769
35470
92106
58358
9611
65169
30845
10135
40868
11936
5739
14284
83307
53430
67844
11163
33100
78290
42333
83146
17827
58043
75631
99038
9938
88814
80448
66255
80461
97414
25241
45636
18867
67142
51990
24880
38807
12677
28509
82792
19292
21719
11974
76319
81375
35732
78041
20417
78990
56424
53972
10632
91575
29719
64523
16350
62011
49194
13002
96016
90977
6169
5911
67467
70950
84919
67090
16983
63282
2517
95870
4428
38599
82388
41817
30740
8755
25995
17703
32511
14692
69392
56877
24733
79547
87463
36953
69404
45209
61061
88031
46654
35126
81375
54719
23541
39024
6068
59298
73246
71616
12275
12642
95160
59145
73515
30729
61215
41994
51501
57586
14538
15987
29791
56940
63805
94388
51584
46269
84907
44336
78260
36195
40235
24016
33803
48630
85110
41333
93138
46793
44891
38437
80757
34831
76543
23207
36111
9402
55668
82153
62256
74526
65973
6526
69673
78164
8987
64614
55223
91643
75295
41093
87050
39065
95917
32437
43313
90368
65633
64119
20036
23435
22784
31717
75630
5735
56310
47939
47541
61455
61159
31476
94246
51631
33396
37257
19714
87562
64109
71284
71295
50743
75245
65243
93756
71750
28246
6279
95526
71585
14282
69820
90624
77197
63875
99811
73298
43856
93936
86563
30000
53740
37484
17967
73157
87049
90876
40601
62749
9874
76997
37219
69740
21845
1000
55990
96766
9166
66043
23372
9724
95389
91302
49031
86231
7699
17366
61829
19861
27500
12769
92683
97909
54038
82135
26046
60096
34897
87585
17552
87150
32430
62264
90455
79602
70041
7045
75386
70244
54131
80849
47653
97929
23960
34344
94557
36768
99136
39630
63277
38891
54401
64062
18237
55224
21361
8699
76996
19532
60425
79317
64948
32811
48901
16443
60116
99654
37608
49239
31948
50433
8988
86890
18521
17087
38359
10436
2880
86157
25017
35904
84095
3945
67218
48250
29055
29773
45280
27438
99142
63835
7222
74414
4841
71558
93177
34592
84894
46554
1860
79890
87119
64490
38219
66971
88235
85140
70588
6095
79478
28531
75585
10846
95617
90593
86754
26505
25108
92103
98120
28354
78632
85442
95004
30880
68497
43699
46734
51964
68408
16964
68242
63755
75719
96498
56356
37175
7070
90203
66092
86716
73443
42534
84349
96829
2613
93193
25527
36704
41889
45946
14156
2925
36429
85750
84160
37086
66162
81832
17897
87139
28936
40023
76310
58677
56409
65198
6892
53844
23831
45385
18508
45056
99593
61785
91760
54608
1568
37524
94580
99667
23785
83068
16273
13601
84027
4202
30628
23548
95087
39831
10926
26568
99792
74599
22708
88229
76136
16882
84711
41125
85050
73200
65662
2638
37070
41569
42591
86317
7686
92758
74300
98997
11280
97151
57050
40339
38068
11410
11309
11119
84269
74516
52544
61537
20308
98792
817
7917
84728
1073
31288
29981
65898
17382
12551
98362
949
81809
89645
55431
47179
28355
60245
63770
2042
9240
67052
89367
50173
38946
25344
4714
75567
1685
57347
66529
79354
58670
69967
14340
25101
59489
57059
15890
67085
49693
95436
64633
6690
9790
9151
19058
69234
53935
23906
63190
74891
3162
4970
60737
40954
3982
11199
25346
43417
51980
97820
95419
49444
43854
77811
17084
93740
65075
52910
78934
41573
89675
38319
41630
42202
53756
9912
14369
39617
69487
13895
65726
69416
56154
98617
63653
71246
36011
92464
69450
99983
37613
2543
53669
6103
40570
59426
49801
93144
25278
14362
57183
72823
33859
5270
77214
63552
78142
54141
75593
3002
16790
8552
63046
81300
28524
4125
23286
46463
34891
55797
57462
20662
49742
86047
37393
88759
58728
75102
13216
19957
64308
2061
27743
13671
16153
74051
32268
14648
54969
2866
57983
26945
92119
88841
60321
60468
66755
54105
35370
9103
29092
22996
26043
42448
99392
43345
15732
79592
71051
8524
90004
77768
42601
98603
30411
96856
12290
42076
22621
74343
35233
23962
4917
2012
7336
79022
74723
61419
96468
74961
12276
867
32553
73455
25900
27940
92826
94344
14691
5677
9879
18097
75257
29364
35155
54487
62519
53359
71664
51779
48164
74671
3626
10297
56576
50573
79549
29627
7840
59901
30707
62346
9575
41854
67150
60748
97854
73267
30318
5513
24144
95564
25088
99599
27876
2589
79748
93942
14487
86032
62425
30078
9493
13815
33255
24020
36340
11897
38344
95252
55214
56366
69971
87400
95033
48550
52967
61358
19908
61539
41265
65207
91856
91847
17914
85644
4840
37543
18641
77163
49535
69279
11248
69264
13637
5600
41932
69199
93221
86852
92414
7485
73438
64002
79210
99502
98076
68893
78633
84824
32562
11159
73527
16119
58903
14403
68602
74698
51002
5623
10157
73371
83842
69440
3529
99964
45287
58320
30223
74253
91207
6066
48340
93594
53574
14366
9385
74272
50757
37896
88518
1584
51485
4243
71923
77868
61976
34339
87123
76783
51629
66128
17389
73930
63702
40278
82040
74728
32783
91977
22946
84498
20046
43238
70525
21167
48345
82181
48838
72547
76488
52235
88372
61145
43960
91676
78266
43067
29929
64013
79737
6974
76949
49430
99493
81691
77710
75654
20465
60023
59474
48370
23257
84612
1997
33670
95181
6752
9420
76796
13557
82971
53913
14441
45798
15383
74456
47444
82175
43400
96253
4931
34848
81114
73095
72046
12808
40402
31357
820
93512
71565
39012
55948
21130
25540
54618
39828
18168
34097
25650
21989
36426
4491
93964
12424
76464
13933
63024
12193
15447
92950
20263
66442
24700
39209
8566
83931
14571
91284
56664
88196
42034
69005
66839
23997
32647
19705
16807
3893
2290
36390
5983
49606
64568
81656
26645
19530
28934
37409
47412
4295
78966
66953
95293
54885
11905
5614
52631
11201
96577
86020
16916
48250
2018
26653
19266
57000
75460
22404
61706
47340
11279
86212
96040
48835
2836
94277
19240
95348
2396
53654
7065
91209
94928
25094
96401
68122
69924
27852
76541
63780
66720
26919
81027
39193
6572
14496
16150
63729
91415
81516
9333
75743
26756
429
24896
31198
14450
85431
98584
25290
61127
60880
60019
71755
42552
51985
96856
46059
92023
68585
84797
58601
78714
28897
93018
39206
6500
35130
7273
86525
7218
71506
73245
61424
93764
5638
81756
14717
36965
60177
94075
26319
20217
23027
68852
55153
70051
58541
60614
22781
48784
41608
3818
20307
62531
61461
25581
37477
80222
60303
78926
27183
73097
32221
25174
84164
81987
63827
92015
76611
20802
37080
66499
91464
40616
88227
3186
18271
22788
87966
18031
3860
32194
51949
33368
83046
97360
43336
32528
53178
93102
52291
31354
9387
41394
41039
44628
64222
75541
27769
74158
90580
17693
23280
72069
51417
13671
17732
13121
57754
80400
27914
19463
28916
99233
96348
6332
69766
7285
17085
48855
22312
31657
1242
90880
35861
55839
36972
33643
4356
29390
58522
8620
65333
89801
24124
63222
58566
54986
67130
6388
5893
61051
29138
53858
41120
36641
69721
60297
39896
97606
29209
89685
30740
19873
16536
14901
33010
80772
32857
2031
24152
36098
50652
25853
20521
52411
27296
93800
84339
53189
6953
40223
55845
16409
30332
77940
91005
39639
11880
66547
78047
95638
86463
33312
66018
59468
34113
78732
41221
41046
75705
83187
36063
10150
41569
86230
41908
55526
19617
59120
95587
46253
32053
96823
1532
62941
56748
63216
34639
11829
62124
90991
54880
84986
35891
99338
46230
37789
24985
18841
41714
18217
47985
22285
99293
98956
26702
13738
46907
31744
63875
20290
38619
20020
10370
40815
37840
85691
41349
748
13274
64593
88683
8720
27101
24166
90267
80105
2228
57768
37956
96305
12702
75665
13285
93136
44310
62378
56904
37869
58272
64794
73737
87314
36863
65104
83988
29499
8196
27433
66924
58330
41825
86718
56840
85099
42332
29773
6169
32623
53215
84578
45414
98407
38444
70817
23032
71087
62637
77043
10866
89300
39113
42603
99639
31732
49011
6932
13359
68624
59613
68537
52741
95440
68138
27984
73800
28723
19584
40228
9361
7441
37628
18109
54148
9520
31264
47246
34895
18239
83623
43771
49775
71059
37946
63717
78162
23451
53371
12404
71928
71874
50782
26815
74738
14240
35415
7707
86701
76317
79886
11358
7400
5316
33583
45679
35584
3775
90110
83052
37517
75637
80008
87094
77797
32540
9525
30141
43326
51837
12826
84164
67569
67779
96555
44305
97562
17407
84621
31571
44796
31260
72649
45392
82241
36218
71100
87850
6591
23369
37483
64398
41654
49539
80596
23289
21270
53606
13024
40710
1374
50860
80469
17016
14431
24809
49128
79553
58367
2017
27343
37197
76409
19588
52181
48014
84545
40743
50246
24484
46053
13248
60202
2761
8464
4670
9839
87798
28200
78690
18686
87222
32887
41214
36784
23717
47942
56584
3034
21444
11525
78490
89443
98940
33832
99626
97110
4363
44460
13857
81874
13904
9175
41435
14079
75440
95132
69786
1820
80227
2814
48422
61012
5822
43916
63909
16559
4669
73867
65395
12932
72045
57809
56414
12587
39411
18413
38145
80
32157
49509
21851
54405
94179
14039
73835
28655
42488
4961
31979
90208
86963
13243
95718
14885
41845
75266
43414
85589
58070
11472
45726
75466
71121
34471
8257
88204
89544
55341
40158
14824
88341
4368
41769
21312
41039
58602
1990
26781
90677
69248
45188
41791
70426
32389
4788
67285
40973
97276
60517
23463
48419
85210
44318
38384
20484
58986
98071
85802
18895
68746
61588
73506
85578
43282
10398
47370
42506
58997
10848
31693
80923
2816
58267
96797
52300
33663
36519
81128
51963
42623
54726
54249
62648
12398
12934
86299
33657
46270
55380
97352
14490
86377
28407
46976
76718
38831
8304
61125
48390
34618
46636
99619
77469
5794
8195
18205
81630
89101
84048
87394
72050
42862
20045
17855
62986
72110
52267
61262
3621
66984
63115
41452
15454
30126
284
55176
36534
32522
40849
13302
50969
83711
59358
92708
31471
57293
67439
53508
95010
6003
9189
51144
54855
21230
62990
91180
40011
70080
30304
87021
10331
42828
58033
67192
92400
68830
11766
73277
42261
76200
88855
26977
40534
1958
29035
12083
24327
38979
5525
67094
45294
45812
76346
84061
93678
52707
3037
97110
31633
1158
75481
97277
31857
66573
98011
66865
2723
73275
39738
87971
84096
29868
66932
20970
61297
95349
82918
2036
36471
81352
4743
85079
89685
85302
85505
63590
1882
82223
22734
63295
74958
75078
29835
34913
93401
30160
36155
90266
56075
33483
13819
13023
76395
19386
22525
37589
40287
50510
78211
83531
8628
60065
39130
96299
97291
25404
68145
82246
99488
77433
38228
37964
56792
39778
5865
86045
38183
53624
81926
16889
55740
45488
56813
91443
47881
34232
60870
65605
82002
32023
28599
6013
93937
94802
9474
341
14180
7754
31259
36225
82388
21379
88645
37281
97026
66144
7176
21525
17968
60458
36368
97008
82890
76752
78789
73286
83503
36071
21347
63807
88896
90034
96278
46765
53475
51038
57939
57018
31540
80772
66197
78779
97769
74322
80467
15137
14305
34083
85531
71374
72744
2857
79757
81476
74985
50125
6870
96409
76113
56462
85416
63431
29372
58373
89426
79520
59006
77065
2241
19358
62288
71566
89267
78296
51220
89929
81587
33681
75527
43534
27094
6667
15587
49754
66065
40537
28814
24685
50421
73682
15330
72655
85000
91296
47962
48499
30849
72376
39125
7416
87808
69925
37130
92908
76072
41149
1801
53452
55897
56277
76682
10471
26030
5296
35604
41089
4432
36755
14027
78770
98165
86932
53527
86990
87737
17104
41262
66656
32055
22267
98045
23567
73956
34994
9080
37795
16936
57485
43515
90624
45657
37425
56572
38769
3638
23298
42544
21216
47454
85077
31446
53410
90955
52739
39812
4528
88334
6969
6860
92271
16487
84140
65194
11857
34272
56779
26477
41781
64168
42605
20031
13001
45351
38889
76467
77072
80259
2884
62186
24094
64590
52548
59842
50783
69865
60387
16668
12376
9498
35712
10856
65094
19269
56816
62735
25859
98570
10802
98109
2087
96635
86815
27689
68618
74263
8192
67234
35175
96488
51450
24344
17469
26166
12452
69507
60367
20070
83545
66356
57259
54258
36201
93783
31688
52454
59786
38497
17032
36084
92012
79676
95293
79957
17225
86348
61800
71357
34267
5917
83516
83385
71752
65163
51681
34120
36217
53230
87285
40979
43976
70912
57485
89867
58391
9580
2553
95837
50334
86004
51589
82132
69948
64927
37339
62251
66127
78397
98406
58061
30878
94393
46770
49291
99539
74874
16527
67129
88806
25941
26581
24742
5589
56499
15041
97559
34608
74043
66717
53279
35376
77083
61053
91548
57927
65432
56581
10768
20499
93968
78217
88763
29901
36648
15149
1170
41406
27127
35435
56126
98352
43662
90642
64787
96610
47586
11147
19307
99798
77144
16951
34591
3493
16171
48213
99105
2226
15165
25504
69625
27163
55000
65588
69210
4267
14368
47921
46080
52813
951
2296
37705
94684
3692
80658
5421
14933
25601
67344
90555
70862
70231
17997
2929
736
56248
57584
90359
54463
27233
43854
93017
44458
234
74540
97216
66174
12083
27330
96363
83621
18893
71963
23471
71147
84227
94872
19592
65361
79171
59220
98875
48251
53580
83522
65994
30405
3765
1267
15954
92914
75416
7476
81285
84164
98106
81173
18431
80488
60759
24868
71303
12840
28718
7863
12676
82628
30631
50056
62297
56123
77085
42842
32382
42051
2348
63386
79901
11064
87095
53090
96230
14449
11510
63159
43407
18190
35035
15921
57260
65997
8927
81467
67911
1852
50350
3408
73628
66857
30188
36006
86739
65654
30946
19367
19482
53032
62057
5049
31455
23934
26546
94368
36583
55262
43951
71193
44110
4427
802
68679
46491
97395
32384
32747
60895
4133
66369
42284
48266
34624
68102
52438
99658
84998
29607
95998
40130
96431
47897
78115
51331
22298
20729
9713
85961
53310
13880
30048
79284
64799
47426
57401
44640
96988
20492
19256
59172
75205
28698
81580
92804
36107
22922
11612
83187
61295
18016
32292
46665
64348
97199
36541
87421
59216
18145
91066
35039
1173
34371
79822
17781
15183
30672
89451
6735
41614
1049
54342
36841
39106
39661
92055
61661
8686
90379
88764
35746
69718
93121
84700
90757
27090
25727
29513
41794
13733
3230
69759
26719
9799
79942
49577
89765
94685
55872
39266
57276
91979
76345
93369
22594
73312
69360
2990
5448
19119
48541
42042
48650
68254
78781
71051
90728
95159
18910
15404
67813
84444
85859
73155
40891
31863
51796
67091
57785
50575
8262
86050
49339
39095
44962
31637
98180
66529
29173
40664
48731
72720
35028
41882
50815
46347
19625
64084
72295
83693
30654
8042
34651
46969
87077
13098
55049
55754
95233
47090
48869
53385
36693
65902
27744
54904
69351
65279
86115
9419
96049
49399
72
96790
63652
39072
87285
43809
84728
90460
630
70265
13333
44295
13591
98912
13815
46105
97403
50372
92802
72712
38523
67661
38210
83979
60126
78224
14684
17337
31985
27361
80343
44591
87140
92933
89601
44144
36929
43461
73888
22342
34889
7966
40885
47495
66317
14006
44302
49012
77734
25833
93257
90043
12113
5729
81536
8380
23019
53956
31606
59528
25060
62503
58908
30085
95171
30913
93920
41678
27479
66746
86546
45527
92308
62658
12148
81359
91474
36574
4350
17310
6974
44989
65324
46830
27195
16968
78596
25958
4889
73016
41063
64592
29840
12322
17140
61980
12249
42221
18419
85118
22441
63204
56837
67315
98283
5511
80005
48801
53081
87068
36091
78940
29111
36387
70909
60612
69580
60103
62242
76076
31485
52944
52357
88918
72264
21237
9106
96921
25114
75310
19888
59204
23597
17384
67627
82685
49794
33490
62653
81250
50871
2261
8536
12529
78309
90752
46770
94563
79544
49377
97550
31827
75436
97231
77603
85756
6048
8612
75691
68576
78394
14056
7434
71973
12663
98665
50809
18585
79277
72167
97038
40151
58015
92171
69642
15682
28220
7960
5630
1102
18932
94426
30139
26494
53560
48154
48597
16007
13549
17107
44339
14004
95053
41535
82773
16259
73946
14059
97410
65452
80895
44842
5230
41666
49829
78820
91140
77714
31919
60239
78453
4041
8403
81334
51709
9234
75734
20213
64687
18524
88642
82951
76125
62809
27558
54455
14598
9827
88874
3922
86651
21434
73742
73054
4847
26281
63390
68068
89467
69734
43348
75048
43468
30263
9354
53049
20842
29650
81466
56004
22917
69181
88724
24675
23358
78069
24987
33587
63055
54058
29756
71459
26712
91142
74604
57864
34311
37134
86494
72462
35683
37281
72765
15944
47285
16414
37612
58024
66420
69827
44376
82827
15660
75568
81302
70123
99913
56265
8830
52280
74790
22202
25411
6081
63500
29813
42254
78060
2025
57719
59287
63397
61616
77608
60192
83123
59942
95937
7341
83750
29968
36072
48035
24429
24982
80567
14428
36516
18708
48187
99333
22730
77149
33496
56852
93392
17484
25642
14953
69134
84969
58310
1471
29008
53109
37759
84751
11949
7570
79364
59554
9464
56017
16358
13361
60655
4633
68856
77947
97841
1649
20591
87010
96685
24714
5897
28610
82549
55820
43882
1231
17297
2172
70945
41482
55696
90438
62697
69983
74810
6285
98603
15166
25505
25164
48417
13717
80597
69448
27573
25062
72598
9556
8008
50922
40388
14176
94671
930
56595
43488
60056
98485
85211
19348
36650
16523
53771
59481
80586
14372
13661
20875
91642
86
73733
64085
17052
90626
96227
78039
1108
99186
66168
44562
36139
5777
74644
98708
93264
13958
96654
93243
53049
15791
21934
13959
83111
60118
4836
75456
21767
79474
94139
93888
87733
43901
52712
81887
98587
91789
16828
4666
43448
21106
29753
39775
2683
66859
11138
74456
52718
58341
28970
47409
89200
55345
17166
69544
90939
11456
18687
77424
58532
39741
88472
66817
65696
83304
11246
72735
83587
93355
36741
51557
99236
83322
30559
54127
97053
54476
19279
62753
81615
52272
51340
42136
31682
16366
90657
63178
90377
24828
81153
20892
78596
73593
47256
67904
27167
57353
23036
86313
12120
9902
96482
21485
51582
51871
32877
19893
93877
18120
71074
99044
29973
83197
9687
67010
91826
24924
62378
67748
12023
55582
58605
55641
95724
28762
50974
61235
95798
54647
35221
2928
38237
5035
26359
61605
80329
62740
41352
29990
69029
3922
51101
68468
53670
5024
33903
43619
5733
685
5036
80039
53512
27931
95303
1659
94047
50900
99440
64333
80457
21507
45214
11049
41591
42518
47112
16609
52488
54702
75283
45238
87572
54400
26277
31813
79173
99980
9369
48529
34591
18775
59116
80008
32928
10087
18356
44885
93185
82682
13680
6914
29789
38435
51417
168
82729
1539
51160
55029
8673
82272
50386
6808
34340
67844
17214
45291
83381
63285
9624
20605
8515
73964
84973
46684
72642
75028
66326
47420
12472
28066
10338
92742
36308
22987
68716
45408
56472
16166
42764
23093
14391
97790
79017
19585
30905
59188
43820
39866
6492
68816
95536
14654
94101
89025
8277
10902
6356
99417
25459
10244
76101
36094
39468
86286
46323
84558
81371
89222
39911
31762
56904
49717
5454
31869
8669
57060
76952
29570
72499
28999
12669
90288
91973
23046
38202
43659
33318
93609
31033
50023
93327
83104
62671
33507
23760
2476
70334
91136
27976
45646
20251
49117
38960
50121
85674
92017
44337
51606
81797
53731
53942
37573
85628
5321
81916
88938
51766
47580
20741
97356
32981
22772
79020
63397
48472
76901
83188
88566
33849
51478
74777
87179
49975
20121
35815
80582
63951
6796
14825
28299
34787
43404
80762
30311
84604
85840
29016
27742
88140
66889
63958
3472
26124
20244
49008
38439
46116
53688
75545
39903
43145
27491
88337
88818
85632
47516
29523
22623
45537
10180
17258
18454
31255
42991
33827
61379
73603
5944
66653
36405
92256
10950
97277
53258
29826
50969
95070
34969
16792
69904
36870
76987
42384
78395
60084
18230
17465
70776
51574
52936
99172
84013
5527
53197
24772
37728
33972
54284
92788
70710
97199
25412
13463
5254
53661
51215
7963
61530
