99989
99986
99983
99980
99971
99971
99964
99913
99906
99897
99894
99890
99890
99869
99843
99842
99828
99828
99825
99811
99798
99792
99792
99778
99773
99771
99768
99768
99735
99735
99725
99712
99710
99688
99682
99679
99669
99667
99666
99658
99654
99653
99639
99627
99626
99619
99599
99593
99582
99569
99563
99539
99537
99502
99501
99493
99488
99461
99456
99440
99440
99431
99417
99413
99409
99392
99386
99379
99376
99338
99333
99328
99314
99311
99296
99295
99293
99279
99267
99260
99236
99233
99223
99186
99182
99172
99156
99146
99144
99142
99136
99135
99124
99116
99105
99098
99085
99075
99063
99055
99054
99044
99040
99038
98997
98988
98964
98956
98940
98938
98912
98897
98891
98887
98877
98875
98869
98841
98821
98819
98818
98792
98785
98783
98743
98732
98720
98717
98716
98708
98685
98676
98665
98656
98653
98652
98646
98646
98642
98638
98628
98617
98614
98603
98603
98594
98587
98586
98585
98584
98572
98570
98550
98542
98506
98485
98472
98454
98448
98407
98406
98391
98389
98383
98374
98362
98352
98351
98349
98341
98341
98332
98307
98283
98261
98225
98214
98209
98204
98196
98196
98195
98180
98179
98165
98161
98146
98143
98139
98139
98120
98112
98109
98106
98076
98075
98071
98070
98058
98056
98045
98011
97980
97974
97971
97949
97932
97929
97917
97909
97854
97849
97842
97841
97839
97836
97820
97810
97793
97793
97790
97769
97762
97720
97714
97710
97700
97700
97691
97660
97632
97606
97602
97584
97579
97577
97562
97559
97550
97537
97520
97509
97502
97500
97498
97451
97449
97427
97414
97411
97410
97403
97395
97386
97383
97360
97356
97352
97346
97311
97294
97291
97282
97277
97277
97276
97254
97253
97252
97245
97231
97216
97199
97199
97199
97161
97156
97154
97151
97137
97131
97124
97119
97117
97112
97110
97110
97103
97096
97088
97080
97080
97053
97053
97038
97026
97023
97013
97008
97000
96997
96989
96988
96980
96967
96965
96956
96951
96949
96925
96921
96915
96914
96896
96856
96856
96848
96840
96829
96823
96811
96797
96794
96790
96787
96786
96773
96766
96766
96764
96758
96685
96654
96654
96641
96635
96610
96577
96575
96564
96555
96521
96502
96498
96497
96488
96482
96469
96468
96431
96410
96409
96408
96401
96378
96371
96363
96348
96315
96310
96305
96299
96278
96268
96267
96267
96257
96255
96253
96230
96227
96226
96212
96205
96199
96188
96172
96165
96156
96145
96133
96127
96119
96112
96101
96101
96088
96077
96075
96066
96063
96061
96051
96049
96049
96042
96040
96037
96031
96016
96009
96006
95999
95998
95992
95981
95977
95955
95950
95937
95919
95917
95903
95896
95874
95870
95870
95860
95838
95837
95832
95807
95806
95802
95798
95797
95791
95784
95750
95724
95718
95683
95673
95659
95658
95652
95648
95638
95627
95624
95617
95614
95588
95587
95570
95564
95536
95526
95483
95480
95461
95440
95438
95438
95436
95419
95404
95398
95393
95389
95349
95348
95322
95303
95295
95293
95293
95280
95277
95263
95252
95233
95224
95224
95214
95200
95181
95171
95163
95160
95159
95150
95132
95112
95100
95087
95070
95068
95058
95053
95043
95033
95029
95027
95013
95010
95004
94975
94971
94947
94936
94932
94928
94904
94902
94898
94894
94884
94872
94870
94856
94851
94851
94848
94841
94833
94815
94810
94810
94802
94798
94788
94785
94775
94773
94764
94762
94758
94756
94749
94742
94741
94732
94730
94723
94721
94685
94684
94679
94676
94671
94669
94666
94628
94587
94580
94563
94557
94540
94536
94531
94506
94501
94500
94484
94479
94469
94464
94451
94437
94436
94432
94426
94425
94400
94399
94396
94393
94388
94375
94368
94356
94353
94344
94327
94313
94312
94308
94301
94277
94272
94269
94268
94261
94261
94258
94246
94236
94236
94231
94211
94211
94179
94166
94155
94149
94139
94138
94110
94101
94088
94078
94075
94063
94058
94048
94047
94027
94019
94017
93983
93974
93968
93964
93942
93937
93936
93921
93920
93905
93904
93894
93892
93888
93884
93877
93864
93832
93824
93811
93809
93800
93800
93794
93783
93778
93764
93756
93744
93743
93740
93684
93679
93678
93678
93673
93665
93609
93600
93597
93594
93589
93585
93578
93562
93560
93523
93512
93497
93494
93480
93462
93452
93438
93436
93426
93423
93401
93392
93386
93369
93355
93327
93316
93303
93303
93300
93287
93287
93282
93266
93264
93257
93255
93247
93243
93233
93221
93216
93193
93185
93180
93177
93168
93166
93163
93158
93148
93144
93140
93138
93136
93132
93131
93128
93127
93121
93105
93102
93095
93080
93077
93045
93027
93026
93026
93021
93018
93017
93017
92997
92993
92985
92984
92981
92965
92960
92950
92945
92933
92931
92914
92910
92908
92874
92861
92860
92826
92804
92802
92802
92799
92797
92788
92770
92758
92758
92742
92740
92737
92708
92707
92707
92699
92689
92683
92672
92656
92639
92626
92609
92604
92602
92589
92571
92560
92548
92479
92464
92449
92449
92445
92418
92414
92412
92400
92392
92352
92347
92339
92321
92321
92319
92308
92297
92271
92256
92251
92245
92243
92229
92202
92171
92166
92147
92144
92130
92123
92119
92106
92103
92091
92090
92074
92060
92059
92055
92032
92030
92023
92017
92016
92015
92012
91997
91995
91980
91980
91979
91977
91973
91955
91953
91932
91919
91912
91899
91898
91897
91870
91864
91856
91847
91835
91826
91816
91804
91789
91760
91760
91751
91737
91736
91726
91721
91706
91697
91684
91678
91676
91673
91668
91655
91643
91642
91622
91617
91594
91581
91575
91565
91558
91551
91548
91547
91534
91518
91511
91474
91464
91446
91443
91439
91420
91418
91415
91403
91403
91400
91399
91397
91393
91353
91352
91328
91302
91298
91296
91284
91268
91244
91242
91231
91222
91217
91209
91207
91196
91180
91159
91142
91140
91136
91131
91111
91086
91073
91066
91065
91047
91043
91025
91005
91005
90991
90977
90955
90939
90921
90910
90880
90876
90870
90845
90836
90824
90821
90815
90812
90799
90789
90757
90755
90752
90739
90737
90734
90728
90728
90722
90721
90718
90708
90701
90689
90677
90657
90646
90642
90626
90624
90624
90624
90611
90593
90580
90574
90574
90555
90542
90539
90529
90523
90516
90460
90458
90455
90438
90424
90403
90401
90394
90386
90379
90377
90368
90366
90359
90345
90338
90337
90299
90297
90297
90288
90285
90267
90266
90257
90252
90244
90235
90220
90208
90203
90173
90164
90149
90132
90110
90102
90090
90090
90069
90047
90043
90035
90034
90010
90004
89986
89978
89969
89966
89940
89931
89929
89909
89903
89897
89883
89878
89878
89867
89861
89836
89830
89820
89820
89818
89811
89805
89802
89801
89800
89765
89764
89759
89757
89754
89751
89750
89744
89721
89685
89685
89682
89675
89668
89650
89645
89630
89609
89602
89601
89597
89593
89592
89590
89578
89544
89518
89514
89507
89488
89467
89463
89456
89451
89443
89426
89419
89416
89404
89401
89380
89367
89361
89353
89345
89333
89325
89307
89300
89300
89267
89266
89263
89243
89222
89200
89184
89134
89124
89105
89105
89101
89079
89053
89040
89027
89025
89000
88964
88944
88938
88925
88918
88906
88898
88898
88896
88885
88874
88855
88848
88841
88818
88818
88818
88817
88814
88806
88798
88769
88765
88764
88763
88759
88753
88745
88743
88724
88694
88683
88669
88645
88642
88629
88629
88613
88581
88566
88545
88526
88520
88518
88518
88473
88472
88468
88461
88443
88440
88407
88402
88395
88387
88381
88372
88353
88352
88350
88341
88337
88334
88324
88315
88307
88283
88266
88243
88235
88229
88227
88212
88204
88201
88196
88140
88116
88112
88073
88065
88059
88054
88052
88051
88049
88044
88043
88034
88031
88023
88004
88003
88002
87971
87966
87956
87952
87915
87894
87884
87881
87875
87851
87850
87821
87808
87798
87798
87792
87769
87765
87737
87733
87687
87679
87675
87658
87631
87604
87585
87572
87570
87562
87548
87543
87524
87499
87495
87488
87478
87463
87421
87410
87403
87402
87401
87400
87394
87393
87377
87377
87377
87372
87369
87325
87314
87296
87291
87287
87285
87285
87261
87252
87250
87249
87238
87233
87227
87225
87222
87197
87179
87175
87173
87153
87152
87150
87140
87139
87123
87123
87119
87095
87094
87079
87077
87068
87050
87049
87021
87011
87010
86990
86987
86963
86941
86939
86932
86924
86910
86899
86890
86866
86863
86861
86853
86852
86833
86815
86808
86799
86798
86758
86756
86754
86743
86739
86718
86716
86701
86675
86672
86670
86651
86645
86624
86620
86592
86563
86546
86541
86530
86527
86527
86525
86494
86463
86456
86454
86448
86398
86397
86384
86377
86374
86373
86364
86363
86348
86330
86317
86317
86315
86313
86310
86310
86307
86299
86293
86286
86278
86263
86247
86241
86238
86231
86230
86212
86212
86184
86183
86176
86169
86168
86157
86142
86129
86115
86112
86095
86055
86050
86047
86045
86032
86030
86028
86027
86025
86020
86013
86004
85989
85971
85965
85963
85961
85953
85950
85940
85908
85897
85859
85840
85835
85802
85756
85750
85727
85727
85721
85713
85695
85691
85680
85675
85675
85674
85672
85662
85644
85638
85638
85635
85632
85632
85628
85628
85627
85606
85589
85579
85578
85562
85538
85537
85537
85531
85529
85529
85520
85519
85517
85515
85505
85499
85489
85466
85450
85445
85442
85434
85431
85431
85426
85420
85416
85411
85392
85328
85325
85310
85302
85295
85272
85267
85265
85226
85211
85210
85160
85149
85140
85130
85118
85114
85114
85110
85108
85102
85099
85098
85095
85094
85079
85079
85077
85058
85050
85046
85041
85039
85035
85000
84998
84990
84986
84973
84969
84956
84944
84929
84919
84907
84894
84893
84887
84878
84868
84864
84857
84856
84836
84833
84830
84826
84824
84807
84797
84792
84774
84772
84766
84764
84751
84748
84728
84728
84719
84711
84700
84687
84682
84669
84651
84636
84625
84624
84621
84612
84605
84604
84578
84571
84558
84556
84545
84545
84542
84542
84539
84529
84528
84498
84484
84477
84475
84469
84456
84448
84444
84440
84422
84415
84401
84398
84353
84350
84349
84341
84339
84338
84337
84323
84313
84294
84269
84255
84247
84241
84227
84221
84220
84209
84186
84173
84164
84164
84164
84164
84164
84160
84148
84140
84103
84096
84095
84093
84090
84074
84062
84061
84056
84048
84031
84028
84027
84027
84013
83988
83981
83979
83973
83970
83952
83946
83942
83934
83931
83922
83915
83897
83884
83865
83853
83842
83836
83827
83814
83813
83801
83795
83784
83760
83756
83750
83741
83736
83711
83693
83685
83677
83669
83661
83623
83621
83606
83587
83585
83579
83579
83569
83566
83545
83531
83522
83516
83503
83497
83494
83493
83491
83480
83467
83451
83438
83394
83385
83381
83377
83366
83343
83342
83339
83331
83322
83307
83304
83304
83281
83260
83226
83222
83216
83209
83197
83197
83197
83189
83188
83187
83187
83146
83142
83126
83123
83111
83104
83075
83074
83068
83067
83063
83052
83050
83046
83029
83000
82996
82971
82967
82960
82957
82951
82918
82910
82890
82885
82866
82865
82857
82832
82827
82826
82819
82809
82792
82773
82770
82769
82764
82729
82713
82685
82682
82680
82643
82628
82626
82625
82615
82610
82605
82591
82582
82581
82581
82571
82568
82558
82549
82546
82546
82541
82521
82499
82495
82486
82454
82400
82388
82388
82375
82373
82370
82343
82339
82335
82323
82314
82314
82304
82294
82272
82246
82241
82227
82225
82223
82223
82216
82214
82191
82181
82181
82180
82175
82167
82158
82153
82136
82135
82132
82124
82120
82096
82091
82069
82049
82045
82040
82035
82032
82006
82006
82002
82001
81996
81987
81985
81956
81946
81926
81919
81916
81887
81887
81875
81874
81857
81851
81842
81832
81814
81809
81804
81797
81792
81772
81769
81769
81761
81756
81717
81691
81688
81674
81669
81665
81656
81634
81630
81621
81615
81587
81580
81536
81516
81493
81486
81476
81471
81467
81466
81449
81449
81448
81447
81447
81445
81431
81430
81429
81427
81404
81390
81383
81381
81375
81375
81371
81362
81359
81354
81352
81350
81340
81334
81334
81320
81312
81308
81304
81302
81300
81285
81268
81250
81245
81205
81197
81185
81182
81173
81167
81165
81153
81133
81133
81129
81128
81125
81119
81114
81107
81105
81103
81064
81059
81059
81046
81027
81019
81004
81000
80997
80988
80981
80965
80957
80956
80923
80904
80902
80895
80893
80891
80888
80864
80849
80834
80810
80792
80791
80791
80784
80772
80772
80762
80757
80747
80745
80737
80715
80702
80686
80685
80677
80666
80658
80657
80625
80620
80608
80603
80597
80596
80595
80594
80586
80582
80568
80567
80554
80509
80488
80480
80471
80469
80467
80463
80461
80457
80450
80448
80434
80428
80414
80400
80343
80329
80329
80325
80316
80307
80303
80288
80266
80259
80255
80254
80249
80243
80231
80229
80227
80222
80210
80163
80142
80137
80133
80120
80105
80098
80060
80060
80039
80008
80008
80008
80006
80005
79969
79969
79957
79950
79950
79942
79939
79934
79916
79916
79904
79902
79901
79901
79900
79891
79890
79886
79870
79860
79857
79844
79831
79828
79822
79792
79775
79770
79757
79748
79743
79738
79737
79729
79688
79676
79665
79660
79658
79643
79642
79641
79638
79616
79602
79592
79553
79549
79547
79544
79535
79535
79520
79520
79514
79499
79495
79478
79474
79443
79436
79420
79401
79394
79364
79354
79330
79317
79284
79281
79277
79262
79255
79250
79229
79228
79210
79205
79197
79191
79173
79171
79169
79143
79136
79128
79119
79115
79091
79069
79061
79058
79055
79022
79020
79017
79005
79001
78990
78986
78967
78966
78958
78957
78950
78947
78940
78934
78926
78916
78907
78898
78889
78857
78853
78820
78820
78802
78792
78789
78785
78781
78781
78779
78770
78732
78714
78690
78666
78664
78643
78638
78633
78632
78632
78614
78604
78596
78596
78568
78565
78547
78516
78504
78490
78464
78463
78453
78445
78444
78424
78414
78398
78397
78395
78394
78360
78344
78320
78309
78296
78290
78281
78280
78269
78266
78266
78260
78258
78253
78246
78235
78224
78217
78211
78192
78192
78190
78187
78187
78184
78177
78174
78164
78162
78150
78142
78135
78132
78115
78102
78099
78097
78087
78069
78066
78060
78059
78047
78041
78039
78031
78027
78000
77995
77993
77980
77978
77969
77947
77943
77940
77917
77902
77885
77879
77870
77868
77859
77847
77840
77838
77825
77811
77803
77797
77768
77761
77734
77720
77714
77713
77710
77704
77687
77683
77669
77646
77644
77637
77608
77603
77603
77591
77589
77569
77540
77527
77487
77469
77451
77440
77433
77424
77420
77376
77334
77322
77319
77314
77312
77303
77283
77253
77247
77244
77240
77232
77232
77214
77197
77194
77185
77163
77149
77144
77141
77107
77107
77085
77083
77072
77072
77065
77063
77057
77043
77040
77015
77015
76997
76996
76987
76968
76962
76952
76952
76949
76936
76917
76915
76901
76891
76875
76859
76857
76851
76811
76810
76804
76796
76783
76752
76738
76718
76704
76698
76682
76671
76671
76650
76632
76631
76628
76628
76623
76611
76606
76594
76591
76569
76560
76543
76541
76537
76533
76524
76506
76491
76488
76472
76467
76464
76443
76440
76420
76409
76395
76365
76346
76345
76319
76317
76317
76310
76306
76306
76292
76287
76273
76269
76257
76249
76247
76232
76229
76200
76160
76143
76136
76125
76125
76123
76120
76114
76113
76101
76098
76088
76087
76084
76077
76076
76072
76058
76046
76041
76039
76037
76022
76020
76014
75972
75971
75964
75954
75948
75944
75940
75926
75898
75882
75828
75823
75791
75774
75753
75743
75741
75734
75724
75720
75719
75706
75705
75691
75686
75665
75659
75654
75652
75648
75637
75631
75630
75613
75602
75598
75597
75593
75591
75585
75574
75570
75568
75568
75567
75545
75541
75541
75534
75527
75523
75519
75513
75496
75481
75466
75460
75456
75453
75440
75436
75416
75386
75344
75344
75338
75336
75310
75297
75295
75293
75283
75283
75266
75260
75257
75249
75245
75240
75235
75205
75201
75199
75159
75111
75110
75102
75090
75089
75084
75078
75048
75046
75028
75007
75006
75000
74995
74985
74969
74968
74961
74958
74950
74948
74926
74915
74894
74891
74888
74885
74874
74868
74841
74841
74810
74800
74790
74777
74776
74767
74759
74747
74738
74733
74732
74728
74727
74725
74724
74723
74713
74698
74677
74674
74671
74661
74656
74652
74644
74623
74615
74604
74602
74599
74594
74569
74549
74544
74540
74540
74526
74516
74505
74496
74493
74491
74489
74484
74483
74476
74472
74456
74456
74451
74450
74414
74372
74372
74361
74356
74349
74343
74327
74322
74306
74300
74292
74280
74272
74263
74262
74260
74253
74243
74230
74224
74222
74220
74212
74196
74183
74174
74167
74158
74129
74118
74087
74086
74078
74051
74050
74043
74027
74005
73987
73965
73964
73961
73956
73946
73940
73939
73938
73932
73930
73924
73911
73896
73888
73867
73867
73850
73841
73835
73832
73802
73800
73766
73763
73742
73737
73733
73732
73728
73711
73696
73682
73651
73628
73615
73609
73603
73593
73583
73582
73571
73562
73562
73560
73558
73546
73536
73530
73527
73515
73507
73506
73485
73469
73466
73466
73466
73464
73455
73443
73438
73427
73427
73410
73402
73397
73380
73371
73365
73349
73344
73337
73333
73313
73313
73312
73298
73292
73286
73283
73283
73277
73275
73270
73267
73248
73246
73245
73234
73227
73215
73200
73195
73174
73161
73158
73157
73155
73139
73137
73109
73097
73097
73097
73095
73095
73085
73069
73064
73057
73054
73033
73021
73017
73016
73009
73004
72987
72979
72978
72975
72950
72948
72937
72932
72894
72890
72870
72867
72857
72852
72852
72838
72823
72812
72811
72800
72791
72765
72760
72744
72735
72735
72735
72720
72714
72712
72684
72682
72674
72671
72667
72655
72651
72649
72642
72634
72631
72630
72629
72628
72599
72598
72547
72541
72514
72509
72499
72496
72490
72489
72483
72481
72476
72466
72462
72455
72433
72414
72404
72398
72389
72383
72376
72371
72368
72364
72358
72352
72325
72296
72295
72286
72279
72274
72264
72254
72238
72237
72223
72201
72193
72176
72167
72147
72134
72110
72108
72107
72086
72075
72069
72069
72064
72050
72046
72045
72045
71993
71980
71973
71973
71969
71963
71958
71934
71928
71923
71915
71914
71911
71874
71873
71823
71816
71789
71788
71786
71785
71783
71760
71755
71753
71752
71751
71750
71664
71645
71642
71636
71627
71620
71616
71608
71606
71599
71586
71585
71584
71578
71575
71566
71565
71558
71553
71539
71514
71506
71490
71459
71445
71386
71385
71381
71374
71369
71365
71363
71362
71361
71357
71347
71344
71324
71313
71303
71295
71292
71284
71246
71232
71232
71193
71173
71160
71151
71147
71143
71141
71121
71100
71097
71090
71087
71074
71062
71059
71051
71051
71044
71044
71000
70996
70994
70983
70981
70960
70956
70950
70945
70942
70928
70912
70909
70906
70875
70874
70862
70860
70840
70839
70828
70827
70817
70809
70793
70786
70777
70777
70776
70774
70741
70729
70715
70710
70700
70675
70673
70665
70661
70658
70656
70652
70634
70621
70601
70588
70585
70581
70568
70562
70553
70525
70525
70510
70509
70509
70490
70480
70472
70439
70429
70426
70400
70382
70375
70369
70353
70341
70339
70334
70329
70328
70327
70323
70292
70265
70258
70257
70249
70248
70244
70244
70237
70231
70208
70202
70192
70182
70152
70152
70146
70142
70123
70116
70104
70093
70080
70079
70071
70051
70049
70041
70024
70007
69983
69977
69971
69967
69967
69948
69929
69925
69924
69918
69904
69882
69882
69865
69854
69840
69835
69833
69832
69827
69824
69820
69812
69809
69807
69803
69786
69783
69766
69759
69752
69740
69734
69733
69721
69718
69691
69673
69670
69669
69648
69644
69642
69637
69635
69627
69625
69615
69596
69580
69544
69534
69521
69507
69495
69491
69487
69477
69460
69450
69448
69440
69416
69415
69413
69404
69404
69392
69386
69360
69354
69353
69351
69343
69341
69331
69320
69308
69293
69279
69264
69259
69258
69250
69248
69246
69234
69217
69214
69210
69199
69189
69181
69181
69173
69144
69134
69133
69121
69115
69110
69105
69103
69085
69073
69052
69039
69029
69024
69024
69022
69005
68987
68900
68895
68893
68890
68889
68882
68856
68852
68840
68830
68818
68816
68810
68808
68786
68746
68743
68735
68734
68716
68716
68708
68703
68702
68693
68692
68683
68679
68676
68663
68647
68635
68628
68625
68624
68622
68618
68602
68599
68598
68587
68585
68576
68557
68545
68537
68508
68505
68498
68497
68468
68464
68449
68448
68437
68408
68405
68403
68398
68331
68325
68322
68317
68317
68305
68269
68264
68254
68242
68241
68220
68215
68182
68160
68158
68148
68145
68138
68126
68122
68102
68093
68073
68073
68068
68065
68059
68049
68031
68029
67991
67976
67945
67911
67904
67886
67878
67862
67847
67844
67844
67813
67802
67779
67755
67752
67750
67748
67746
67742
67739
67692
67661
67655
67647
67637
67633
67627
67592
67569
67567
67567
67563
67562
67560
67550
67545
67544
67540
67537
67493
67481
67467
67457
67456
67455
67451
67445
67439
67439
67419
67418
67403
67368
67366
67362
67354
67344
67315
67305
67291
67285
67275
67271
67268
67268
67248
67234
67221
67218
67199
67192
67191
67180
67177
67164
67150
67148
67142
67140
67140
67130
67129
67128
67115
67115
67107
67100
67099
67098
67094
67091
67090
67085
67075
67063
67052
67040
67026
67010
66984
66981
66973
66971
66965
66962
66957
66953
66947
66935
66932
66924
66915
66889
66866
66865
66859
66857
66846
66839
66820
66817
66810
66782
66779
66778
66771
66755
66746
66746
66745
66735
66729
66729
66720
66717
66678
66668
66666
66656
66653
66649
66643
66638
66621
66598
66573
66549
66547
66543
66540
66529
66529
66499
66491
66475
66466
66442
66435
66420
66405
66400
66388
66372
66369
66356
66327
66326
66317
66298
66292
66265
66256
66255
66255
66253
66223
66199
66197
66185
66184
66174
66168
66168
66162
66159
66155
66144
66136
66128
66127
66119
66105
66100
66099
66092
66090
66081
66073
66065
66063
66043
66037
66027
66023
66019
66018
66002
66002
65997
65994
65991
65990
65988
65980
65973
65960
65958
65945
65939
65931
65923
65917
65902
65898
65893
65878
65836
65817
65814
65799
65775
65767
65726
65716
65709
65708
65697
65696
65694
65671
65662
65654
65651
65650
65648
65644
65637
65633
65605
65588
65573
65565
65543
65522
65479
65472
65468
65467
65452
65432
65403
65395
65361
65350
65334
65333
65324
65314
65305
65280
65279
65273
65270
65243
65235
65228
65215
65207
65202
65198
65194
65189
65179
65173
65169
65168
65163
65157
65130
65130
65112
65111
65104
65094
65087
65075
65053
65038
65015
65009
64987
64980
64978
64977
64960
64948
64935
64927
64915
64902
64895
64887
64877
64864
64858
64841
64832
64799
64794
64789
64788
64787
64781
64778
64773
64766
64742
64736
64717
64707
64687
64633
64627
64614
64593
64592
64592
64591
64590
64586
64568
64565
64539
64533
64523
64521
64520
64516
64509
64504
64495
64490
64480
64444
64409
64400
64398
64367
64348
64343
64333
64313
64308
64294
64294
64288
64271
64268
64255
64246
64230
64222
64217
64195
64168
64162
64143
64119
64109
64103
64089
64088
64085
64084
64083
64081
64077
64074
64074
64062
64048
64013
64011
64002
63958
63951
63949
63943
63929
63909
63875
63875
63848
63835
63835
63827
63824
63807
63805
63790
63784
63780
63770
63760
63755
63748
63747
63729
63721
63720
63717
63702
63698
63687
63684
63683
63670
63653
63652
63644
63635
63630
63613
63590
63575
63575
63559
63558
63552
63518
63509
63505
63503
63500
63496
63480
63467
63431
63426
63419
63403
63397
63397
63396
63390
63386
63380
63360
63349
63341
63338
63311
63307
63296
63295
63285
63282
63281
63277
63237
63232
63225
63222
63217
63216
63206
63204
63199
63192
63190
63179
63178
63163
63161
63159
63137
63128
63123
63115
63095
63082
63077
63072
63071
63057
63055
63055
63051
63046
63036
63024
63023
63021
62990
62986
62986
62947
62941
62880
62841
62809
62808
62782
62782
62769
62753
62752
62749
62742
62740
62738
62735
62721
62710
62708
62697
62686
62675
62673
62673
62671
62665
62658
62653
62648
62637
62630
62629
62579
62560
62538
62531
62519
62519
62518
62507
62503
62495
62489
62430
62430
62427
62425
62386
62384
62378
62378
62376
62371
62362
62362
62360
62346
62337
62316
62297
62292
62288
62287
62283
62280
62264
62259
62256
62251
62246
62242
62242
62237
62224
62221
62201
62186
62179
62139
62134
62124
62118
62111
62109
62103
62101
62082
62057
62033
62028
62020
62011
62009
61980
61976
61974
61952
61916
61910
61899
61896
61885
61872
61861
61854
61848
61846
61829
61800
61791
61790
61788
61785
61778
61774
61771
61768
61766
61762
61755
61750
61743
61736
61733
61706
61691
61687
61662
61661
61659
61650
61635
61627
61625
61616
61605
61603
61588
61579
61563
61547
61539
61539
61537
61530
61517
61486
61461
61459
61455
61437
61437
61436
61429
61424
61419
61414
61411
61400
61379
61360
61358
61355
61349
61337
61326
61310
61306
61297
61295
61262
61253
61249
61235
61235
61217
61215
61183
61180
61159
61157
61145
61144
61136
61134
61127
61127
61125
61105
61061
61060
61060
61053
61051
61051
61048
61046
61034
61012
61004
61000
60977
60970
60969
60968
60964
60954
60942
60914
60914
60906
60901
60895
60888
60880
60870
60863
60861
60842
60833
60826
60780
60774
60759
60757
60750
60748
60748
60737
60736
60713
60700
60692
60691
60686
60682
60679
60675
60672
60655
60634
60631
60624
60614
60612
60598
60594
60565
60553
60543
60543
60517
60489
60478
60468
60467
60458
60452
60445
60438
60433
60425
60407
60400
60398
60387
60387
60379
60368
60367
60355
60352
60330
60328
60321
60312
60303
60297
60263
60245
60239
60221
60216
60206
60202
60200
60199
60196
60192
60183
60177
60147
60128
60126
60118
60116
60103
60096
60084
60072
60066
60065
60056
60052
60023
60019
60013
60005
59988
59965
59960
59959
59942
59926
59916
59915
59912
59909
59901
59895
59889
59842
59834
59831
59816
59786
59742
59727
59717
59713
59708
59645
59613
59602
59587
59574
59573
59554
59554
59553
59552
59552
59533
59528
59504
59494
59489
59482
59481
59475
59474
59470
59468
59458
59450
59426
59425
59420
59410
59400
59398
59396
59390
59387
59358
59357
59350
59327
59298
59298
59295
59287
59287
59286
59277
59245
59234
59231
59226
59220
59216
59213
59204
59188
59188
59172
59172
59171
59166
59165
59150
59148
59145
59139
59120
59116
59100
59078
59067
59063
59051
59035
59020
59020
59006
58998
58997
58987
58986
58977
58962
58959
58957
58954
58951
58948
58908
58903
58897
58882
58870
58859
58852
58849
58843
58839
58835
58799
58728
58714
58677
58676
58675
58670
58650
58633
58632
58616
58609
58605
58602
58602
58601
58566
58541
58538
58535
58532
58522
58522
58519
58516
58507
58498
58479
58477
58455
58407
58398
58391
58373
58367
58358
58350
58346
58341
58336
58335
58330
58324
58320
58310
58272
58267
58244
58243
58206
58202
58200
58182
58162
58140
58138
58130
58130
58086
58070
58064
58061
58043
58040
58033
58024
58015
57983
57983
57964
57939
57927
57919
57910
57908
57899
57886
57885
57874
57864
57857
57854
57814
57809
57809
57804
57799
57799
57794
57785
57776
57771
57768
57757
57754
57754
57736
57720
57719
57707
57697
57600
57586
57584
57581
57571
57526
57518
57503
57501
57491
57485
57485
57477
57462
57458
57441
57433
57430
57421
57421
57418
57401
57391
57388
57383
57373
57373
57353
57350
57347
57343
57337
57324
57293
57291
57276
57260
57259
57256
57255
57239
57231
57231
57223
57214
57183
57169
57167
57163
57154
57129
57129
57084
57078
57060
57059
57059
57050
57037
57031
57025
57024
57024
57018
57006
57000
56961
56948
56944
56942
56940
56916
56909
56906
56904
56904
56895
56891
56877
56877
56870
56863
56852
56843
56840
56837
56831
56827
56819
56817
56816
56813
56813
56812
56800
56796
56792
56791
56791
56779
56757
56757
56748
56734
56727
56717
56714
56699
56698
56673
56664
56663
56657
56641
56630
56615
56602
56595
56587
56584
56581
56576
56572
56553
56542
56538
56537
56512
56508
56499
56481
56478
56476
56472
56471
56465
56462
56454
56444
56433
56428
56424
56414
56409
56405
56394
56373
56366
56362
56356
56352
56310
56309
56288
56277
56265
56259
56255
56248
56246
56243
56243
56212
56194
56172
56160
56159
56159
56154
56152
56151
56144
56144
56130
56126
56123
56105
56094
56085
56077
56075
56075
56050
56033
56017
56004
55997
55995
55995
55990
55981
55968
55948
55946
55932
55930
55929
55918
55912
55910
55900
55897
55896
55872
55872
55854
55849
55845
55839
55820
55797
55776
55772
55754
55740
55714
55696
55695
55689
55675
55668
55641
55608
55582
55555
55541
55526
55521
55517
55481
55462
55431
55431
55430
55391
55380
55377
55376
55369
55366
55362
55345
55341
55330
55315
55276
55270
55262
55260
55245
55224
55223
55214
55193
55193
55181
55180
55176
55155
55153
55142
55120
55115
55100
55092
55049
55031
55029
55004
55000
54986
54978
54972
54969
54965
54948
54938
54916
54904
54885
54880
54855
54852
54846
54832
54832
54820
54779
54774
54759
54749
54746
54726
54719
54706
54706
54705
54702
54696
54693
54691
54680
54675
54673
54662
54650
54648
54647
54646
54618
54608
54604
54553
54542
54541
54539
54533
54525
54495
54492
54487
54482
54476
54470
54463
54455
54453
54441
54437
54419
54410
54405
54401
54400
54383
54378
54374
54370
54350
54347
54342
54333
54320
54318
54316
54308
54290
54284
54283
54282
54273
54258
54250
54249
54245
54244
54240
54225
54212
54148
54146
54141
54133
54131
54130
54127
54121
54116
54105
54058
54041
54038
54034
54032
54017
54016
54012
54011
53990
53976
53972
53961
53956
53952
53945
53942
53935
53928
53920
53913
53896
53896
53888
53864
53858
53850
53844
53827
53823
53820
53805
53798
53771
53764
53756
53754
53745
53740
53732
53731
53721
53721
53692
53688
53685
53677
53672
53670
53669
53661
53658
53654
53649
53632
53624
53616
53612
53606
53600
53590
53590
53583
53580
53578
53575
53575
53574
53560
53558
53534
53527
53512
53508
53506
53505
53493
53491
53484
53475
53473
53462
53458
53457
53452
53447
53430
53410
53395
53390
53385
53371
53371
53370
53365
53359
53356
53332
53328
53327
53326
53310
53289
53286
53279
53279
53272
53261
53260
53258
53245
53234
53230
53215
53214
53197
53196
53194
53192
53189
53188
53186
53183
53178
53178
53173
53173
53169
53159
53153
53133
53132
53130
53126
53118
53109
53100
53090
53088
53084
53081
53049
53049
53048
53035
53032
53026
53008
53006
52981
52972
52967
52944
52943
52936
52932
52924
52910
52905
52904
52890
52883
52863
52859
52855
52841
52836
52834
52830
52822
52821
52813
52791
52766
52748
52747
52741
52739
52735
52723
52718
52717
52712
52707
52692
52647
52637
52631
52621
52593
52565
52548
52544
52534
52530
52515
52507
52507
52498
52494
52488
52464
52454
52453
52451
52447
52447
52438
52435
52420
52419
52411
52411
52373
52357
52328
52323
52322
52300
52291
52280
52272
52267
52266
52264
52260
52257
52251
52235
52233
52222
52219
52217
52210
52181
52147
52132
52094
52060
52056
52056
52049
52036
52018
52009
51993
51990
51985
51980
51965
51964
51963
51949
51948
51921
51907
51904
51893
51884
51871
51871
51843
51842
51837
51812
51796
51788
51779
51779
51766
51759
51755
51750
51716
51709
51681
51678
51671
51642
51631
51629
51606
51599
51589
51584
51582
51582
51574
51557
51534
51522
51512
51503
51501
51501
51494
51485
51479
51478
51478
51468
51463
51452
51450
51446
51435
51423
51417
51417
51414
51403
51398
51397
51396
51354
51340
51331
51310
51295
51293
51273
51263
51252
51230
51222
51220
51220
51215
51209
51207
51176
51171
51166
51160
51148
51145
51144
51143
51140
51123
51107
51106
51101
51091
51090
51074
51038
51027
51027
51002
50974
50969
50969
50969
50965
50946
50936
50927
50922
50917
50915
50910
50904
50901
50900
50898
50892
50887
50871
50860
50830
50815
50809
50796
50791
50790
50783
50782
50772
50757
50755
50745
50743
50737
50723
50720
50715
50686
50685
50667
50652
50651
50639
50618
50590
50585
50575
50573
50569
50565
50563
50554
50553
50530
50510
50496
50468
50462
50452
50433
50433
50421
50415
50400
50394
50393
50386
50372
50368
50364
50350
50348
50341
50334
50325
50325
50316
50307
50290
50275
50246
50231
50219
50193
50179
50175
50174
50173
50154
50134
50128
50125
50121
50092
50090
50069
50059
50056
50056
50042
50037
50033
50023
50019
50009
50005
49993
49975
49970
49950
49942
49935
49935
49935
49934
49922
49915
49907
49899
49854
49852
49829
49828
49814
49801
49795
49794
49785
49775
49773
49771
49759
49754
49742
49738
49738
49717
49693
49687
49621
49606
49597
49582
49577
49571
49569
49551
49539
49535
49518
49509
49506
49503
49502
49495
49468
49465
49456
49444
49441
49430
49399
49396
49395
49383
49377
49368
49345
49341
49339
49291
49290
49263
49247
49247
49239
49230
49194
49188
49181
49166
49128
49117
49109
49107
49097
49076
49059
49041
49034
49031
49028
49023
49012
49011
49008
48991
48982
48976
48966
48947
48932
48928
48901
48888
48888
48881
48873
48869
48869
48858
48855
48838
48835
48833
48810
48801
48800
48799
48793
48784
48774
48768
48752
48752
48744
48735
48731
48725
48704
48699
48665
48659
48650
48637
48630
48630
48626
48603
48597
48570
48550
48547
48545
48541
48529
48525
48501
48499
48492
48490
48485
48482
48475
48472
48471
48452
48430
48422
48419
48417
48391
48390
48390
48389
48370
48367
48366
48348
48345
48340
48320
48292
48275
48266
48251
48250
48250
48249
48242
48233
48225
48224
48218
48217
48216
48213
48205
48202
48187
48171
48164
48154
48115
48113
48113
48078
48065
48065
48059
48049
48041
48035
48018
48014
47986
47985
47970
47964
47962
47962
47942
47939
47937
47936
47921
47920
47898
47897
47896
47894
47881
47874
47832
47793
47768
47744
47723
47701
47696
47672
47669
47658
47653
47644
47634
47618
47607
47605
47586
47580
47574
47569
47541
47522
47516
47508
47499
47495
47492
47482
47454
47444
47441
47426
47420
47412
47410
47409
47393
47386
47370
47341
47340
47336
47335
47322
47299
47285
47282
47277
47261
47256
47246
47238
47234
47233
47209
47190
47183
47179
47171
47165
47162
47162
47126
47123
47112
47090
47071
47069
47064
47041
47027
47020
47001
47000
46994
46990
46976
46969
46967
46908
46907
46902
46901
46873
46862
46830
46800
46795
46793
46792
46783
46770
46770
46768
46766
46765
46751
46747
46740
46736
46734
46710
46688
46684
46674
46665
46664
46663
46662
46658
46654
46636
46632
46624
46597
46588
46572
46564
46554
46541
46497
46491
46479
46463
46461
46444
46416
46403
46371
46363
46357
46347
46336
46323
46302
46294
46290
46281
46277
46270
46269
46264
46253
46253
46234
46230
46193
46182
46147
46143
46130
46125
46116
46105
46097
46086
46085
46084
46080
46079
46078
46076
46074
46059
46053
46032
46032
46029
46025
46024
46022
45989
45969
45966
45951
45946
45934
45923
45904
45870
45812
45805
45798
45792
45737
45726
45723
45698
45679
45657
45657
45650
45649
45646
45636
45634
45624
45609
45600
45580
45578
45567
45562
45560
45547
45537
45527
45515
45502
45488
45479
45475
45461
45457
45442
45416
45414
45408
45393
45392
45390
45385
45379
45351
45333
45326
45324
45294
45291
45287
45280
45279
45279
45264
45245
45238
45234
45228
45223
45214
45213
45209
45206
45188
45174
45163
45163
45159
45124
45108
45107
45092
45090
45088
45087
45083
45075
45056
45054
45042
45038
45022
45012
44995
44991
44989
44975
44974
44973
44962
44934
44928
44922
44900
44893
44891
44885
44885
44876
44852
44842
44842
44837
44830
44819
44810
44810
44796
44796
44789
44789
44788
44788
44775
44755
44709
44640
44628
44605
44601
44594
44591
44582
44562
44500
44464
44460
44458
44449
44433
44426
44424
44410
44408
44408
44376
44367
44354
44345
44339
44337
44336
44330
44320
44318
44310
44305
44305
44303
44302
44295
44277
44248
44237
44230
44194
44185
44173
44165
44159
44144
44119
44110
44089
44073
44056
44052
44049
44027
44023
44008
44008
43990
43985
43983
43976
43964
43960
43951
43937
43931
43929
43916
43902
43901
43882
43874
43869
43860
43856
43854
43854
43825
43820
43809
43803
43790
43782
43779
43777
43771
43733
43731
43725
43716
43708
43706
43699
43691
43676
43666
43662
43659
43639
43627
43622
43619
43610
43604
43556
43544
43543
43534
43523
43521
43515
43501
43499
43489
43488
43488
43477
43468
43465
43461
43448
43447
43440
43426
43424
43420
43417
43414
43414
43413
43410
43407
43404
43400
43392
43384
43374
43351
43348
43345
43341
43337
43336
43335
43330
43326
43323
43322
43314
43313
43302
43282
43272
43253
43253
43238
43230
43225
43215
43211
43190
43189
43170
43166
43145
43137
43122
43074
43067
43063
43049
43033
43017
42991
42991
42986
42971
42967
42953
42939
42923
42883
42880
42880
42872
42868
42862
42862
42842
42828
42823
42820
42797
42764
42739
42732
42680
42676
42674
42669
42666
42662
42655
42651
42623
42620
42617
42611
42605
42603
42603
42601
42591
42590
42589
42570
42562
42554
42552
42546
42544
42542
42540
42540
42534
42527
42525
42518
42506
42502
42488
42483
42470
42469
42448
42443
42425
42385
42384
42377
42374
42372
42365
42363
42361
42333
42332
42326
42325
42322
42298
42284
42283
42275
42272
42265
42261
42254
42226
42221
42211
42210
42209
42209
42202
42198
42182
42163
42136
42124
42120
42107
42090
42083
42076
42057
42051
42042
42034
42016
41994
41987
41968
41962
41956
41934
41932
41929
41923
41922
41911
41908
41897
41889
41882
41876
41857
41854
41845
41845
41825
41818
41817
41803
41796
41794
41791
41791
41781
41769
41754
41748
41733
41725
41719
41714
41678
41666
41663
41654
41650
41645
41630
41627
41626
41614
41608
41600
41591
41582
41573
41571
41569
41569
41569
41565
41554
41535
41519
41507
41505
41505
41482
41459
41452
41435
41434
41406
41394
41388
41383
41380
41352
41350
41349
41345
41333
41329
41328
41320
41319
41319
41314
41297
41286
41279
41265
41265
41263
41262
41252
41250
41249
41246
41242
41238
41229
41225
41221
41216
41214
41202
41191
41183
41179
41178
41175
41162
41158
41158
41156
41154
41154
41151
41149
41139
41125
41121
41120
41120
41116
41100
41093
41093
41089
41087
41074
41063
41063
41053
41046
41039
41039
41039
41032
41025
41015
40979
40974
40973
40954
40946
40943
40941
40918
40909
40905
40891
40885
40868
40868
40851
40849
40842
40838
40824
40815
40812
40787
40780
40768
40747
40745
40743
40731
40722
40718
40717
40712
40710
40701
40686
40685
40680
40664
40658
40638
40616
40601
40596
40570
40568
40555
40537
40534
40529
40499
40494
40484
40468
40465
40462
40440
40429
40402
40392
40388
40381
40374
40367
40345
40339
40334
40320
40301
40296
40290
40287
40281
40278
40266
40257
40257
40255
40243
40235
40228
40223
40185
40158
40158
40151
40142
40130
40119
40106
40100
40098
40088
40041
40035
40023
40011
40005
39996
39972
39950
39948
39933
39931
39930
39919
39911
39903
39897
39896
39883
39866
39865
39864
39861
39855
39848
39848
39839
39834
39834
39831
39828
39818
39812
39799
39798
39792
39790
39778
39775
39763
39755
39741
39738
39719
39712
39674
39672
39668
39661
39657
39642
39639
39630
39617
39530
39529
39497
39481
39468
39435
39433
39429
39427
39411
39366
39360
39335
39290
39290
39276
39266
39210
39209
39209
39206
39193
39149
39130
39125
39113
39106
39103
39095
39088
39087
39073
39072
39067
39065
39057
39050
39029
39024
39012
38994
38990
38979
38974
38960
38956
38952
38946
38937
38932
38930
38913
38905
38901
38891
38889
38843
38841
38831
38807
38769
38764
38749
38746
38731
38714
38712
38689
38682
38678
38678
38671
38670
38656
38655
38653
38630
38619
38599
38597
38536
38532
38531
38529
38523
38497
38475
38453
38444
38439
38437
38435
38433
38431
38412
38384
38373
38369
38359
38359
38344
38332
38319
38316
38307
38296
38287
38271
38262
38240
38238
38237
38236
38228
38227
38219
38217
38210
38209
38202
38198
38196
38188
38183
38172
38164
38145
38142
38133
38115
38100
38093
38081
38068
38063
38063
38049
38044
38043
38025
38025
38008
37964
37964
37957
37956
37946
37919
37896
37869
37866
37866
37855
37844
37840
37832
37821
37795
37789
37788
37759
37746
37743
37738
37737
37728
37728
37705
37692
37685
37676
37669
37666
37657
37628
37613
37612
37610
37608
37607
37603
37599
37595
37589
37587
37573
37558
37543
37524
37517
37509
37492
37484
37483
37483
37477
37448
37444
37425
37419
37409
37401
37398
37393
37380
37379
37374
37362
37356
37344
37339
37330
37313
37304
37293
37291
37285
37281
37281
37279
37274
37261
37259
37257
37250
37232
37219
37197
37191
37175
37158
37134
37130
37128
37100
37090
37086
37080
37070
37068
37022
37016
37013
37005
36994
36992
36989
36976
36972
36965
36956
36953
36953
36950
36943
36929
36926
36907
36901
36870
36863
36841
36835
36801
36788
36784
36773
36768
36765
36755
36752
36741
36734
36725
36724
36704
36693
36693
36687
36682
36674
36669
36650
36650
36648
36646
36643
36641
36634
36632
36625
36623
36587
36583
36574
36565
36563
36560
36551
36541
36534
36521
36519
36516
36481
36473
36471
36436
36429
36426
36411
36405
36390
36387
36368
36358
36344
36340
36308
36288
36280
36274
36267
36241
36225
36221
36218
36217
36207
36205
36205
36201
36195
36194
36191
36185
36155
36139
36139
36139
36121
36111
36107
36107
36103
36101
36101
36100
36098
36094
36091
36084
36072
36071
36065
36063
36046
36035
36022
36018
36018
36011
36006
36002
35988
35981
35963
35939
35920
35910
35904
35892
35891
35885
35875
35861
35855
35852
35851
35842
35840
35829
35824
35815
35810
35800
35793
35786
35776
35746
35738
35736
35732
35725
35713
35712
35709
35694
35691
35691
35688
35684
35683
35666
35658
35638
35613
35604
35593
35584
35577
35575
35566
35552
35544
35531
35519
35486
35485
35470
35454
35444
35441
35436
35435
35435
35415
35410
35408
35376
35370
35354
35332
35293
35289
35280
35274
35266
35237
35233
35231
35221
35220
35207
35203
35175
35155
35152
35148
35145
35130
35126
35117
35104
35098
35076
35061
35058
35044
35039
35036
35035
35028
34994
34969
34948
34938
34913
34912
34908
34904
34897
34897
34895
34891
34889
34882
34848
34833
34831
34831
34816
34815
34787
34775
34772
34758
34719
34710
34706
34704
34655
34654
34651
34639
34633
34624
34624
34618
34608
34592
34592
34591
34591
34578
34572
34565
34518
34489
34471
34471
34459
34397
34378
34375
34371
34344
34340
34339
34339
34338
34333
34322
34318
34311
34294
34282
34272
34267
34266
34259
34252
34232
34214
34214
34207
34201
34194
34144
34142
34120
34113
34097
34097
34083
34079
34075
34060
34030
34020
34014
33983
33975
33975
33972
33950
33933
33931
33924
33903
33880
33869
33859
33857
33855
33849
33832
33827
33820
33806
33803
33800
33787
33773
33758
33746
33710
33692
33681
33670
33663
33660
33658
33657
33652
33648
33643
33639
33636
33631
33630
33587
33587
33583
33579
33542
33515
33507
33504
33496
33492
33490
33489
33483
33481
33473
33470
33464
33460
33402
33396
33383
33382
33377
33374
33368
33357
33337
33335
33318
33316
33312
33293
33273
33255
33243
33237
33209
33193
33188
33182
33165
33164
33146
33145
33141
33100
33084
33079
33068
33068
33057
33017
33010
33002
32981
32971
32967
32934
32928
32887
32877
32875
32868
32857
32812
32811
32790
32783
32782
32777
32754
32747
32729
32714
32702
32679
32669
32658
32648
32647
32645
32643
32623
32602
32585
32574
32571
32568
32562
32555
32553
32544
32542
32540
32528
32522
32519
32516
32511
32484
32484
32475
32437
32430
32389
32384
32382
32381
32370
32369
32358
32344
32336
32334
32304
32298
32294
32292
32268
32262
32251
32244
32221
32216
32211
32207
32204
32198
32194
32185
32178
32168
32157
32152
32151
32136
32129
32118
32082
32076
32063
32055
32053
32035
32033
32032
32023
32012
31988
31985
31979
31977
31968
31960
31948
31943
31919
31915
31873
31869
31863
31857
31854
31852
31836
31827
31813
31799
31782
31762
31761
31744
31732
31717
31714
31709
31693
31688
31688
31682
31676
31657
31645
31640
31637
31633
31631
31625
31622
31606
31589
31582
31580
31571
31540
31537
31536
31515
31509
31485
31485
31476
31475
31471
31471
31464
31463
31455
31446
31443
31413
31408
31405
31378
31370
31357
31354
31334
31323
31300
31292
31288
31264
31260
31259
31255
31236
31223
31214
31198
31156
31155
31124
31124
31086
31084
31073
31057
31049
31048
31043
31033
31032
30991
30991
30990
30946
30936
30922
30921
30913
30905
30900
30885
30884
30880
30880
30878
30862
30850
30849
30845
30822
30798
30786
30785
30780
30774
30745
30742
30740
30740
30735
30733
30729
30729
30726
30707
30702
30689
30687
30672
30667
30666
30665
30654
30631
30629
30628
30611
30594
30574
30559
30543
30535
30521
30514
30500
30484
30459
30415
30411
30405
30397
30388
30378
30359
30357
30332
30324
30318
30314
30311
30304
30285
30282
30263
30262
30231
30223
30215
30209
30205
30194
30188
30165
30160
30159
30147
30146
30146
30141
30139
30135
30126
30122
30111
30107
30095
30091
30085
30078
30070
30056
30051
30048
30000
29995
29990
29987
29985
29981
29981
29973
29968
29968
29933
29929
29917
29901
29868
29867
29865
29852
29844
29840
29835
29826
29820
29813
29792
29791
29789
29774
29773
29773
29766
29756
29753
29738
29719
29719
29684
29672
29671
29663
29654
29650
29635
29627
29626
29623
29610
29607
29570
29559
29557
29543
29540
29539
29524
29523
29513
29508
29500
29499
29474
29464
29446
29420
29414
29396
29392
29390
29390
29382
29372
29372
29368
29364
29316
29308
29303
29302
29285
29280
29247
29244
29243
29240
29236
29234
29231
29221
29218
29209
29206
29173
29146
29138
29138
29134
29126
29111
29111
29095
29092
29066
29056
29055
29054
29054
29048
29035
29021
29016
29015
29012
29008
28999
28995
28970
28936
28934
28928
28916
28911
28908
28897
28890
28889
28860
28855
28825
28814
28792
28776
28772
28762
28753
28747
28738
28723
28718
28709
28708
28698
28696
28664
28655
28648
28637
28637
28610
28602
28599
28580
28565
28564
28562
28537
28531
28524
28509
28496
28490
28468
28463
28454
28450
28422
28407
28400
28399
28385
28358
28355
28354
28354
28351
28338
28323
28303
28300
28299
28293
28274
28265
28263
28260
28246
28223
28220
28200
28191
28189
28166
28153
28153
28110
28109
28100
28072
28066
28059
28051
28025
28012
28012
27995
27994
27984
27982
27976
27962
27941
27940
27931
27914
27876
27870
27858
27855
27852
27851
27835
27825
27815
27811
27802
27798
27784
27778
27769
27766
27744
27743
27742
27729
27705
27702
27689
27683
27678
27668
27606
27589
27585
27573
27558
27537
27503
27500
27499
27491
27479
27475
27473
27465
27438
27434
27433
27432
27369
27361
27348
27343
27340
27339
27337
27334
27330
27325
27314
27313
27301
27296
27289
27286
27247
27233
27230
27227
27224
27221
27217
27211
27195
27193
27183
27167
27167
27163
27160
27155
27151
27135
27132
27127
27123
27103
27101
27094
27092
27090
27087
27050
27023
27021
27019
27018
26999
26989
26979
26977
26958
26957
26956
26945
26942
26919
26912
26898
26892
26884
26874
26842
26833
26815
26812
26795
26781
26779
26766
26766
26756
26748
26722
26721
26719
26712
26702
26694
26691
26664
26657
26655
26653
26645
26644
26625
26615
26612
26604
26598
26597
26581
26578
26568
26567
26563
26546
26540
26528
26523
26513
26505
26495
26494
26484
26477
26445
26440
26374
26359
26345
26332
26319
26310
26281
26277
26274
26260
26251
26250
26222
26210
26183
26177
26177
26172
26166
26166
26155
26150
26150
26149
26124
26104
26103
26082
26069
26060
26046
26043
26030
26006
26002
25995
25979
25958
25958
25946
25941
25940
25926
25913
25909
25907
25900
25869
25862
25859
25855
25853
25849
25841
25833
25831
25831
25759
25751
25748
25727
25701
25688
25675
25660
25652
25650
25642
25640
25631
25601
25581
25565
25552
25547
25540
25527
25518
25508
25505
25504
25504
25499
25492
25484
25460
25459
25451
25441
25417
25414
25414
25413
25412
25411
25404
25396
25395
25375
25355
25346
25344
25336
25335
25329
25301
25298
25296
25291
25290
25283
25278
25262
25254
25241
25241
25232
25209
25203
25186
25182
25180
25174
25164
25161
25156
25153
25138
25133
25117
25114
25108
25108
25101
25098
25094
25088
25081
25062
25060
25049
25017
25016
24999
24987
24987
24985
24982
24979
24966
24964
24948
24924
24909
24900
24896
24896
24887
24880
24877
24875
24868
24858
24856
24844
24839
24828
24828
24816
24816
24809
24790
24787
24776
24772
24771
24742
24737
24733
24714
24704
24700
24697
24685
24682
24675
24674
24672
24665
24660
24658
24651
24649
24630
24617
24617
24602
24578
24549
24544
24533
24531
24513
24501
24493
24484
24483
24469
24454
24446
24438
24429
24429
24428
24415
24390
24363
24344
24342
24327
24309
24304
24277
24261
24254
24234
24211
24166
24155
24153
24152
24144
24124
24123
24100
24094
24087
24080
24076
24062
24056
24029
24025
24020
24016
23997
23976
23973
23962
23960
23954
23937
23934
23906
23906
23903
23864
23855
23831
23826
23810
23799
23785
23765
23760
23758
23752
23735
23729
23726
23726
23717
23695
23685
23678
23672
23659
23655
23653
23634
23632
23613
23597
23577
23570
23567
23561
23559
23551
23548
23541
23530
23519
23512
23500
23471
23470
23463
23461
23451
23435
23417
23412
23385
23376
23375
23372
23369
23358
23356
23349
23346
23330
23314
23298
23291
23289
23286
23285
23281
23280
23267
23265
23257
23238
23214
23207
23195
23164
23152
23148
23138
23127
23116
23093
23093
23046
23043
23037
23036
23033
23032
23027
23024
23019
22997
22996
22989
22987
22973
22973
22950
22946
22940
22934
22922
22917
22896
22885
22878
22863
22855
22850
22844
22836
22834
22832
22824
22822
22822
22818
22801
22788
22784
22781
22772
22757
22748
22734
22730
22716
22708
22705
22691
22656
22636
22626
22623
22621
22599
22594
22586
22574
22546
22531
22525
22525
22515
22506
22497
22497
22490
22489
22469
22465
22456
22456
22441
22430
22427
22404
22392
22391
22389
22384
22361
22347
22342
22328
22312
22298
22285
22283
22282
22269
22267
22261
22243
22236
22219
22209
22202
22197
22196
22194
22191
22189
22183
22174
22144
22123
22116
22108
22100
22087
22068
22043
22025
22025
22013
21996
21989
21975
21943
21936
21934
21932
21912
21879
21851
21851
21845
21841
21825
21823
21819
21802
21794
21791
21783
21767
21747
21738
21732
21729
21719
21694
21683
21633
21627
21613
21608
21597
21559
21525
21507
21494
21486
21485
21484
21452
21444
21434
21428
21413
21393
21379
21361
21357
21347
21323
21312
21308
21305
21305
21305
21300
21294
21289
21279
21270
21258
21253
21242
21237
21236
21230
21230
21228
21216
21213
21209
21188
21177
21167
21148
21140
21131
21130
21124
21123
21108
21106
21065
21057
21018
20993
20993
20984
20973
20970
20962
20950
20941
20925
20919
20907
20892
20880
20875
20869
20865
20865
20855
20846
20842
20811
20802
20797
20741
20729
20702
20682
20681
20680
20677
20668
20663
20662
20647
20623
20605
20591
20582
20563
20551
20536
20521
20521
20503
20499
20492
20484
20465
20465
20442
20425
20417
20387
20366
20363
20355
20350
20339
20333
20308
20307
20296
20292
20291
20290
20274
20263
20251
20247
20244
20242
20222
20217
20214
20213
20194
20162
20154
20139
20121
20110
20087
20070
20067
20067
20056
20046
20045
20036
20031
20020
19997
19971
19966
19957
19950
19943
19908
19901
19893
19888
19885
19873
19863
19861
19848
19796
19787
19727
19720
19714
19712
19711
19705
19689
19667
19657
19640
19625
19617
19616
19612
19596
19595
19592
19588
19585
19584
19574
19574
19553
19553
19542
19532
19530
19528
19528
19508
19497
19490
19483
19482
19463
19459
19457
19411
19401
19389
19386
19367
19358
19348
19332
19307
19296
19292
19284
19281
19279
19269
19266
19256
19240
19217
19209
19197
19193
19190
19190
19182
19180
19119
19116
19105
19058
19014
19010
19009
18970
18966
18961
18957
18946
18941
18932
18910
18904
18900
18895
18893
18878
18867
18862
18861
18851
18851
18841
18818
18814
18795
18792
18784
18775
18772
18771
18759
18708
18703
18698
18690
18687
18686
18667
18641
18619
18619
18585
18570
18563
18551
18541
18540
18530
18524
18524
18521
18508
18500
18483
18477
18454
18454
18431
18431
18419
18413
18391
18388
18379
18376
18359
18356
18349
18340
18338
18334
18323
18320
18312
18280
18271
18239
18237
18234
18230
18227
18217
18213
18205
18199
18190
18168
18164
18163
18156
18145
18142
18120
18118
18110
18109
18097
18095
18077
18075
18072
18056
18049
18046
18031
18016
17997
17996
17984
17971
17968
17967
17956
17919
17914
17897
17855
17850
17832
17827
17807
17781
17760
17745
17732
17703
17699
17695
17693
17689
17671
17667
17666
17653
17629
17629
17627
17605
17597
17583
17580
17568
17559
17552
17545
17484
17469
17465
17447
17443
17423
17407
17399
17389
17384
17382
17379
17366
17356
17349
17344
17341
17337
17319
17310
17309
17308
17305
17298
17297
17288
17284
17262
17258
17257
17256
17243
17225
17221
17214
17201
17194
17191
17186
17174
17166
17163
17153
17151
17149
17147
17140
17130
17127
17127
17120
17110
17107
17104
17093
17088
17087
17085
17084
17084
17083
17067
17053
17052
17043
17042
17032
17030
17030
17023
17016
17007
16983
16968
16964
16951
16939
16936
16916
16889
16889
16885
16883
16882
16868
16867
16829
16828
16822
16807
16792
16790
16786
16783
16780
16777
16724
16711
16706
16699
16696
16668
16668
16643
16617
16609
16559
16550
16536
16527
16523
16490
16487
16471
16470
16469
16453
16446
16443
16435
16414
16409
16385
16375
16366
16365
16358
16350
16347
16327
16315
16279
16273
16263
16259
16251
16251
16190
16182
16182
16178
16171
16166
16157
16153
16153
16150
16143
16119
16117
16106
16090
16082
16073
16073
16070
16064
16050
16048
16046
16033
16021
16016
16012
16009
16007
15998
15987
15986
15980
15968
15954
15944
15939
15921
15921
15898
15890
15880
15864
15793
15791
15780
15760
15758
15732
15716
15714
15711
15682
15667
15660
15631
15621
15599
15592
15587
15587
15585
15567
15564
15563
15559
15557
15557
15553
15545
15520
15480
15472
15455
15454
15447
15437
15404
15383
15379
15377
15376
15330
15329
15303
15245
15243
15233
15220
15185
15183
15166
15165
15161
15149
15137
15136
15114
15082
15075
15069
15064
15041
15016
15014
15013
15011
14999
14996
14969
14967
14953
14940
14940
14933
14928
14922
14903
14901
14897
14894
14891
14885
14884
14882
14879
14863
14854
14844
14841
14835
14825
14824
14806
14779
14771
14757
14717
14708
14692
14691
14684
14673
14673
14654
14648
14642
14639
14598
14571
14540
14538
14529
14513
14510
14496
14490
14487
14479
14476
14470
14459
14450
14449
14446
14446
14441
14437
14431
14429
14428
14423
14403
14401
14391
14383
14372
14369
14368
14366
14362
14362
14360
14344
14340
14305
14304
14296
14284
14282
14248
14240
14212
14181
14180
14176
14162
14156
14150
14145
14135
14109
14086
14084
14079
14077
14059
14056
14039
14032
14031
14027
14023
14019
14006
14004
13988
13968
13960
13959
13958
13958
13933
13905
13904
13895
13890
13888
13880
13867
13866
13857
13844
13836
13835
13819
13815
13815
13805
13758
13756
13750
13748
13738
13733
13727
13722
13717
13715
13701
13683
13680
13676
13672
13671
13671
13663
13661
13647
13637
13623
13601
13591
13588
13564
13557
13549
13546
13542
13537
13534
13528
13493
13491
13474
13463
13451
13450
13418
13402
13398
13384
13361
13359
13333
13313
13302
13301
13285
13274
13253
13248
13247
13243
13237
13221
13216
13195
13189
13168
13152
13151
13134
13128
13121
13112
13098
13079
13075
13069
13045
13031
13024
13023
13017
13009
13002
13001
12997
12934
12932
12928
12869
12846
12841
12840
12833
12826
12817
12814
12808
12793
12769
12750
12744
12742
12725
12704
12702
12693
12677
12676
12669
12667
12663
12655
12652
12648
12642
12633
12626
12624
12616
12609
12587
12583
12581
12571
12564
12551
12537
12530
12529
12486
12472
12458
12452
12449
12432
12424
12417
12404
12403
12398
12376
12341
12322
12317
12315
12310
12303
12298
12290
12277
12276
12275
12262
12257
12249
12222
12215
12208
12208
12206
12195
12193
12148
12146
12143
12130
12120
12116
12113
12088
12083
12083
12063
12033
12023
12020
11974
11974
11954
11949
11936
11921
11918
11905
11897
11889
11888
11882
11880
11860
11857
11829
11808
11783
11766
11763
11734
11700
11686
11680
11654
11654
11648
11642
11627
11625
11612
11597
11572
11565
11532
11526
11525
11511
11510
11503
11472
11465
11461
11456
11421
11410
11410
11406
11395
11380
11363
11358
11339
11323
11317
11315
11309
11280
11279
11257
11248
11246
11228
11219
11203
11201
11199
11189
11170
11163
11159
11153
11147
11138
11119
11064
11057
11056
11051
11049
11037
11030
11026
11021
11013
11008
11006
11000
10999
10998
10997
10961
10952
10950
10926
10916
10902
10884
10872
10870
10866
10862
10858
10856
10848
10846
10827
10802
10796
10788
10775
10774
10768
10757
10753
10750
10735
10720
10700
10699
10683
10648
10638
10632
10625
10618
10600
10598
10580
10566
10542
10541
10533
10526
10524
10501
10497
10471
10470
10443
10436
10434
10433
10427
10413
10409
10398
10395
10388
10370
10369
10360
10357
10357
10356
10338
10331
10329
10316
10304
10297
10271
10263
10257
10249
10249
10244
10199
10190
10180
10157
10155
10150
10144
10135
10134
10128
10127
10127
10087
10069
10063
10050
10032
10007
10007
9984
9938
9925
9912
9902
9889
9879
9874
9868
9863
9849
9839
9836
9832
9829
9827
9808
9799
9799
9790
9779
9767
9762
9724
9718
9713
9710
9699
9696
9687
9665
9641
9624
9611
9611
9591
9588
9580
9575
9556
9551
9541
9525
9520
9512
9498
9497
9495
9493
9487
9480
9474
9473
9472
9464
9459
9425
9425
9420
9419
9418
9402
9387
9385
9369
9369
9368
9364
9361
9354
9338
9333
9302
9295
9282
9277
9240
9234
9233
9224
9222
9189
9187
9182
9182
9175
9174
9166
9165
9151
9129
9125
9106
9103
9096
9093
9082
9080
9078
9077
9054
9050
9048
9019
8999
8988
8987
8962
8949
8940
8931
8927
8922
8888
8882
8872
8853
8843
8830
8818
8799
8761
8755
8751
8748
8745
8720
8699
8698
8686
8673
8669
8652
8643
8634
8628
8625
8620
8612
8598
8573
8567
8567
8566
8552
8550
8544
8536
8536
8524
8515
8481
8474
8469
8468
8464
8456
8453
8452
8449
8435
8423
8417
8416
8403
8397
8380
8351
8333
8329
8329
8308
8304
8303
8303
8284
8279
8277
8271
8262
8260
8257
8251
8249
8233
8224
8196
8195
8192
8186
8179
8178
8151
8109
8104
8089
8048
8042
8008
8007
8001
7999
7993
7987
7966
7963
7963
7960
7925
7921
7917
7905
7898
7895
7884
7881
7874
7863
7855
7840
7836
7835
7805
7803
7796
7775
7774
7765
7754
7743
7738
7733
7725
7707
7699
7695
7688
7686
7667
7643
7611
7607
7602
7598
7570
7559
7543
7515
7505
7494
7488
7485
7479
7476
7448
7444
7441
7434
7417
7416
7416
7400
7395
7351
7341
7340
7336
7310
7301
7295
7286
7285
7284
7273
7241
7222
7218
7211
7187
7183
7176
7153
7141
7115
7096
7095
7080
7075
7070
7070
7065
7045
7038
7027
7015
7012
6993
6974
6974
6969
6961
6955
6953
6932
6917
6914
6895
6892
6883
6871
6871
6870
6869
6860
6836
6828
6821
6813
6808
6799
6796
6796
6792
6784
6765
6752
6741
6735
6709
6695
6690
6685
6667
6636
6634
6623
6619
6594
6591
6572
6572
6568
6550
6526
6509
6508
6503
6500
6497
6492
6476
6448
6428
6419
6408
6388
6380
6369
6361
6356
6351
6333
6332
6313
6285
6280
6279
6279
6272
6252
6243
6234
6218
6185
6179
6178
6177
6169
6169
6168
6137
6103
6097
6095
6081
6072
6068
6066
6055
6048
6030
6024
6013
6008
6003
5998
5983
5980
5967
5963
5962
5944
5922
5918
5917
5911
5897
5896
5893
5883
5875
5867
5865
5854
5854
5831
5827
5822
5802
5794
5784
5778
5777
5767
5760
5744
5739
5736
5735
5733
5729
5700
5677
5663
5657
5650
5643
5638
5630
5628
5628
5628
5623
5614
5600
5589
5589
5581
5564
5561
5527
5525
5513
5511
5477
5464
5454
5451
5448
5421
5421
5399
5383
5378
5321
5316
5315
5312
5310
5296
5270
5254
5252
5233
5230
5230
5195
5177
5100
5091
5083
5077
5062
5059
5049
5036
5035
5026
5024
4978
4975
4970
4961
4954
4931
4928
4917
4916
4915
4910
4906
4892
4889
4888
4887
4862
4848
4847
4841
4840
4836
4788
4775
4774
4768
4758
4750
4743
4714
4670
4669
4666
4665
4658
4633
4597
4552
4528
4513
4491
4477
4460
4447
4438
4437
4432
4428
4427
4426
4403
4399
4397
4394
4393
4368
4363
4356
4356
4350
4333
4327
4295
4267
4245
4243
4239
4220
4206
4202
4198
4193
4160
4149
4143
4133
4125
4099
4058
4044
4041
4036
4035
4030
4028
4010
3988
3982
3978
3958
3956
3950
3945
3942
3942
3929
3922
3922
3893
3874
3862
3860
3859
3852
3842
3818
3800
3796
3780
3780
3775
3775
3765
3747
3745
3710
3696
3692
3682
3681
3663
3660
3660
3656
3648
3638
3626
3621
3608
3597
3580
3548
3535
3532
3529
3509
3502
3495
3493
3491
3474
3472
3464
3418
3408
3405
3384
3382
3378
3374
3364
3345
3338
3315
3299
3279
3276
3266
3259
3251
3241
3230
3222
3215
3195
3191
3186
3182
3174
3162
3159
3125
3121
3100
3092
3088
3080
3079
3067
3063
3055
3037
3036
3034
3021
3020
3002
3002
2990
2975
2965
2932
2929
2928
2925
2915
2901
2899
2887
2884
2883
2880
2874
2866
2857
2849
2836
2835
2816
2814
2801
2776
2766
2761
2733
2727
2723
2720
2683
2666
2638
2638
2635
2613
2592
2589
2583
2569
2565
2559
2553
2550
2548
2543
2517
2476
2474
2454
2437
2420
2402
2396
2396
2395
2381
2376
2376
2361
2359
2359
2354
2348
2343
2336
2336
2296
2290
2282
2263
2261
2243
2242
2241
2228
2226
2224
2196
2196
2176
2176
2176
2172
2152
2151
2142
2113
2087
2064
2061
2042
2040
2036
2031
2025
2018
2017
2014
2012
1997
1990
1972
1961
1958
1954
1944
1882
1863
1861
1860
1860
1852
1848
1844
1820
1812
1801
1785
1770
1769
1768
1739
1732
1685
1681
1679
1664
1659
1649
1642
1613
1588
1584
1568
1564
1556
1550
1543
1539
1533
1532
1520
1517
1505
1473
1471
1471
1469
1469
1466
1435
1420
1414
1405
1374
1352
1344
1326
1296
1280
1267
1267
1261
1257
1242
1239
1235
1231
1174
1173
1170
1164
1158
1147
1144
1120
1119
1111
1108
1102
1079
1073
1069
1049
1039
1038
1038
1031
1024
1005
1000
997
972
969
951
949
946
930
923
867
820
817
805
802
786
784
771
766
748
745
738
736
726
698
693
687
685
678
655
654
638
637
630
625
612
596
595
581
580
529
520
518
499
497
464
457
439
437
429
391
390
375
354
341
332
306
290
288
284
257
256
234
234
223
217
195
168
164
160
136
121
120
105
102
94
86
80
72
54
48
29
16
