96669
93741
82838
84262
5595
41037
7303
49002
4136
46582
82245
54827
84472
31685
79491
56149
8299
6226
45735
98355
70364
27645
69097
40803
29815
6551
72660
64730
84231
42122
40842
29076
18028
2502
36933
81749
3979
59113
99447
57729
60064
47275
43827
60885
66479
61155
73604
66656
15256
5561
60763
15553
12361
28552
48422
56862
75629
3599
72732
61598
94498
52021
35733
41604
6889
4663
89654
18600
61878
78800
41226
73460
41415
81955
30572
98104
62961
25800
44290
938
75669
44017
67139
7421
48850
81847
99096
64573
24596
54502
75456
44997
59531
77602
64334
27709
27638
76628
97037
76275
49886
60949
14884
74612
73599
42005
79189
82279
27841
47944
639
17031
9733
20975
43683
19995
86395
74463
79075
10996
30384
22383
38
82146
62276
91171
3289
1011
76505
83760
37712
24777
18216
40683
37354
1495
67214
36275
20145
33592
68612
56504
36448
20524
90444
68454
59776
11599
32103
1010
58795
59448
80419
86623
89970
64939
13714
54478
32378
81883
82358
56480
16512
75328
20184
24296
30718
59601
68472
45458
86181
41214
23806
7115
19914
23724
79887
4331
59422
69933
25147
36838
62709
54204
54259
6698
59655
23827
41625
43573
56725
6665
50415
85303
15396
53610
50737
30208
72165
57588
57183
89030
68981
20108
49459
68884
16511
62076
15825
11890
61632
18761
23419
53101
46755
23508
62052
69508
61994
59533
39132
74734
98510
48687
56106
9355
13342
33533
65753
10149
47011
99767
32233
95650
31236
43992
30598
88777
19589
98958
1110
32815
37194
72375
70795
55933
82522
26229
43288
11072
511
1710
94720
66348
34601
13059
85611
58413
2610
7915
50962
77932
68636
66091
6233
4379
50519
37780
1724
22621
63199
87737
27042
33685
50817
48843
72366
329
93694
20467
63893
56306
5832
14347
34858
85507
52746
79737
91956
72084
61413
86985
38945
56810
1492
63014
40500
69348
4081
11605
59609
60101
24400
3951
83193
55097
46953
47384
68522
44485
86611
77696
20766
33168
78732
99190
13499
59496
88277
18468
94027
19666
19162
64619
92105
46994
30896
76316
7452
78899
83574
72559
17793
67315
93342
22180
48352
97806
31813
66292
98753
78854
63934
627
48439
72172
97517
62276
46906
61293
93838
33784
64083
66332
45430
16165
48176
13656
74258
82207
22263
25337
48812
76118
87991
23325
65515
41036
89947
44329
2842
37809
13368
44702
79585
2941
13061
78394
53615
41993
62634
56200
56922
52938
54416
74597
98781
45771
51832
95088
68031
56646
5704
60237
31572
22590
52257
39669
18141
89308
73516
17566
88843
83429
9522
47523
15169
27348
75787
39792
73527
20377
61134
6124
19611
91053
77927
31970
99314
63409
63302
13102
30683
44802
47060
98465
43861
27835
29345
8465
25079
98472
31609
71105
37565
6274
82453
88872
79427
58219
29037
9888
1673
94056
7883
53229
26006
73686
47963
15783
28377
47882
4030
72774
37867
28745
51070
87626
85264
39009
13596
98884
39517
85282
60965
5861
97587
18365
82787
60353
59977
39831
32975
23006
49480
95721
19877
26655
90095
74968
53840
552
17399
53996
95684
78893
67953
20687
32106
66491
73004
20804
26261
451
82482
86273
9940
63678
47666
21322
40001
78050
34584
87307
26742
4000
7256
91602
68191
44950
9547
76679
11978
69816
80240
56649
34331
76342
30835
5383
59676
50474
85546
41431
55698
31072
31836
71510
30699
98210
54973
7485
91955
38847
65525
21404
21669
92280
91486
45814
23966
76167
12524
59256
36366
70507
52903
71799
45384
23540
65203
91749
87641
22440
81745
94512
77301
22704
49790
39191
1516
40995
77017
28938
45980
70028
73602
30589
85600
93050
34782
78952
53159
42724
3255
15614
17343
86263
60416
32584
71823
22525
53687
13630
94500
54348
48003
35169
93123
75528
45500
7736
83038
10230
47177
21540
15234
19006
24197
36834
45676
28379
94907
26269
72955
18531
26161
62318
54305
6094
70945
73137
23060
65733
88225
5189
65889
97736
55556
53919
87712
38811
92538
25196
44642
14734
34738
13217
17415
83496
62144
8832
13036
78991
59290
69962
55073
85335
23068
57211
96729
77413
80843
2150
62746
74014
4247
9102
98837
72337
94841
15711
1743
40157
30492
54151
71934
84256
72184
36308
83344
83710
60537
26090
24100
46026
64830
60353
25308
15924
80062
14393
69930
54415
86949
86011
88039
413
16027
44910
31874
41786
52678
51219
5526
28866
39686
26749
64469
62272
6046
26064
62496
91348
96338
92341
42136
50687
66028
7415
44559
83854
32825
58365
29272
14465
18736
17924
13213
90583
33427
57337
35279
18264
70318
29648
41239
84030
81788
93475
63659
39585
33256
72267
29
16958
78289
99828
71629
72099
67463
44832
15039
32730
10675
93754
80871
35247
12435
65781
95681
59903
52770
43009
70557
56127
5941
54858
63159
32966
48130
5581
1733
54200
28348
73335
51017
3152
16089
24667
65638
39402
20948
15344
22672
88362
91918
12325
79804
9100
77712
73314
68246
96425
41675
6204
30194
23522
14496
53685
32154
56397
55676
93134
51941
60921
52379
76265
46057
61727
25518
7679
33383
27463
70678
94043
86437
97780
26832
33809
29402
16237
86187
70815
60930
9449
63444
60286
97584
13942
64691
91364
6275
83846
52590
25786
96049
3703
7435
53653
57601
98398
7539
33587
71637
10607
12114
18484
58372
43819
8443
371
7109
51494
39945
73727
47271
5811
66464
25466
85342
84815
55089
62797
36567
41191
87804
52806
60365
90439
70960
1135
90612
65088
65230
10156
27155
14293
2636
87569
34287
35619
61877
86653
60610
11850
76333
25400
96554
80988
76691
37668
93789
36032
71135
7138
42618
26787
71946
44069
89180
68605
6477
68139
4776
67131
9154
80285
37637
12238
12967
85476
13259
29424
61377
98054
26739
68302
36412
58524
15919
99542
22448
21009
31475
50110
53856
69305
26032
52335
53212
73835
81090
23468
74279
61885
57247
96131
67859
3227
18191
5134
85095
39779
82299
68678
51426
86463
73502
84038
20634
69920
2169
61463
62301
36788
90467
3101
44089
99268
79997
28669
68247
91021
17443
40681
67553
1049
15326
19626
37764
79448
75382
8329
30961
6496
71813
74554
11902
34111
46631
49669
22634
95768
61453
6898
28893
16226
65425
73616
23917
98265
87716
69123
75261
48606
68131
9672
32128
59026
89672
63717
70875
50283
52317
22994
33865
54736
14219
6718
27320
22167
6545
81120
86736
32888
93359
86651
43156
65934
43810
88012
80801
53738
33290
70515
43923
3187
73159
24124
42471
22270
99075
66953
52827
88389
15784
83550
29010
94631
58898
72648
116
87581
37151
67274
41681
80596
90051
9446
75302
24428
76345
94501
19864
52012
50515
58883
27486
39071
68850
90554
97787
91055
94129
94473
14984
97596
41724
21280
15696
88505
59486
90827
51669
93604
94104
31225
72529
90240
50765
2119
96311
44209
47546
28142
98871
34419
69667
82022
9920
62519
55241
50325
90719
42490
94231
23417
58886
52612
44636
53261
50537
56282
44531
37083
49121
90433
24893
59519
7155
55440
11344
13875
7019
72048
44745
33692
95010
43731
49374
1360
84350
73358
42702
58819
76024
70548
65241
25069
78265
64464
19788
5721
90558
29534
756
59276
21819
73191
28404
90288
55388
93656
89138
82525
41350
71198
63659
15811
28955
30400
92007
10518
6493
86616
88807
63574
66570
39279
46939
28953
77061
71348
13008
60823
48150
99769
52262
9715
19911
80971
88192
24097
26255
15627
26581
63032
65388
78286
25027
28886
49673
36525
76867
71434
46687
49770
49015
37698
27416
11168
1024
71089
35950
51429
70573
39773
28594
33599
85037
31458
11625
56736
25093
75430
85297
38975
31901
1690
32353
49300
78741
77866
98510
52208
25942
11778
31402
10007
50307
28604
28038
39611
78093
91498
72984
99414
33030
76636
83225
80259
54829
56687
6341
82874
25448
28659
22693
87782
54992
68823
49769
89317
2694
58706
81198
2459
5699
5329
3456
26163
93102
47544
12761
69236
54214
63031
5576
70363
9119
24715
59628
64251
87498
15565
67295
97742
74188
54779
26864
70934
89328
42785
88072
9684
74649
42532
84559
53668
10512
62699
35239
16211
63548
39882
12981
85887
86479
20396
70112
72809
77276
22812
98290
68441
77191
18800
15483
16783
59765
45203
1589
95489
63779
97773
32227
46934
18706
84945
55826
3453
82111
90564
29825
80235
4913
61573
90173
5263
72748
87805
12101
29108
50882
95939
97357
20530
15369
68940
74141
34641
296
8206
25081
58812
40330
44816
25724
78334
43029
26224
53725
55483
27029
59344
56852
9901
32050
38270
40822
27578
59296
8702
17595
85102
34612
63094
5601
69979
48468
98197
20777
19273
30855
67969
16095
93979
36300
27517
59480
31872
52167
18547
51476
59443
55606
73987
41698
8016
41441
63336
32131
83698
92912
84803
44070
36078
33846
12167
48915
33702
80875
29344
45188
66923
88088
6144
58348
8402
36108
69096
65691
92881
66987
25871
40474
56087
15205
36850
44145
9029
60549
45784
81417
29069
98880
57473
30955
52965
84109
34762
52294
66824
28564
85152
67856
49097
76095
73311
53988
77621
76589
8773
27658
74276
70149
3672
71444
18268
65128
44496
35620
76930
10975
11586
49931
27229
54355
94634
42316
75785
31676
77205
29951
69493
96017
84424
95154
22298
47870
95793
44170
97720
23764
38504
58087
10478
57306
47553
12613
47989
43841
78481
49567
73274
45525
73145
80366
84887
24111
69076
18126
87213
58119
65914
52674
98624
5703
53870
18574
78799
64251
81291
31650
41966
3013
63653
77015
55202
83021
74559
78066
51192
94261
48297
50533
15170
64490
4979
50677
23759
86006
13362
63350
73510
99411
85453
66962
35839
36378
93862
19944
92894
86649
56352
34001
63501
8131
45777
27391
66452
10530
6053
91358
37752
17831
91820
7196
72589
71234
47297
86053
71257
24493
27768
76422
98279
27202
96356
75059
43973
44749
10978
49605
42779
32829
69957
6139
47527
10964
54879
88385
77145
88925
32360
15534
64616
48285
29806
16807
55632
27138
88762
87201
38889
77368
17658
30020
61701
93850
54673
1355
8709
28678
84311
30695
93304
13641
92462
44419
27794
33562
34594
91779
89413
70659
97212
40421
69566
57977
26948
2762
90174
9357
75248
84078
84915
17850
51181
78642
58131
19487
38600
50491
41749
26567
18682
20051
5324
49155
98894
58158
5408
73754
60496
21607
87242
19991
27476
67144
68236
256
90624
43465
34411
51591
95896
24175
15659
57209
93572
49302
68229
95667
11423
19145
47079
40053
80670
91438
5896
18575
31258
42847
60870
71224
31453
16883
3614
45405
37413
29787
70696
82518
10808
61736
65548
89556
48005
49769
3781
80823
47314
60914
49456
80124
73288
85049
34320
90995
52375
79162
83202
71311
79782
98779
86680
49015
66683
88393
91509
75801
9027
70881
97764
77182
52127
41739
92917
38521
77324
11616
61556
57625
85261
23020
10151
55261
49303
96846
78821
5543
57305
93085
62446
37257
90341
38789
31402
59068
3167
75055
354
75120
61410
99326
49589
28766
72617
91989
6648
24601
97185
38903
33006
97442
73256
34278
67519
67067
17409
43085
77880
30611
80088
43065
37278
67392
41772
25058
97008
70475
67934
96103
3513
15205
83605
85783
6671
82520
25451
3180
85483
15416
1271
43762
22789
32664
83831
74758
21899
5752
72570
54745
39262
93788
13032
34804
82217
71705
67599
9493
62142
80008
14219
91895
33103
58173
70928
11568
50438
60113
89239
48308
74722
71803
71587
83926
42062
80509
33999
14351
62111
68698
96150
68663
78410
44710
29214
9712
71520
20150
45761
19523
44200
45239
85338
29730
82199
46074
41161
31116
14382
38636
64963
32335
72367
82532
59929
58055
29469
64214
83298
16868
74512
16069
96200
44619
17138
9045
80524
5235
95417
11997
83703
33007
70977
11003
40543
96395
30726
12642
88786
77264
42170
11247
83234
98626
20009
67258
2924
26504
85319
80231
33926
7435
97585
74139
85637
41431
92905
23948
24136
26496
66440
18898
87813
14910
89247
54681
41294
72088
89678
7992
19104
78207
72544
67484
29127
50321
18241
82590
92337
33950
46302
40691
94894
4743
80247
31298
31328
12130
16739
82352
57573
54746
72160
16471
79166
90260
1140
26709
19644
76588
67142
57985
18502
15389
98483
87928
77353
14016
26701
61814
58812
70028
79062
96480
31918
98364
85685
65405
59311
9070
74451
95205
45720
32551
85333
89618
8087
82644
37462
26259
3259
27627
87232
5728
39193
64144
71398
93127
94041
34739
77953
23141
49248
17367
24997
2864
28506
76462
17152
65713
43491
10015
62030
97135
60211
4010
4092
75398
16900
54402
89623
55799
57153
38809
49072
85849
54701
69593
28654
21325
67116
94990
55856
97135
48434
21282
16734
45608
85606
78432
87402
47776
88851
17690
47977
66289
76171
66310
33192
79639
1496
59523
65932
76228
49345
31609
34922
15504
95221
92735
66112
13293
86935
99670
20494
53496
43366
79570
13141
97068
14215
67128
77386
68592
12593
33123
35222
73137
12149
56193
9773
14762
53800
69307
53673
42783
16879
68689
94819
50858
51846
42723
15758
7724
68076
17773
48528
99845
1007
3018
69533
14527
99247
26009
38577
14597
34258
573
80810
10737
49412
49630
72064
78626
52104
25197
5538
6924
21183
17636
45775
43945
48083
73676
72141
76430
43425
75512
38345
61625
3202
97903
48428
15686
9204
90343
84565
75425
265
42605
20825
68437
88780
47361
23541
36355
34187
97085
33739
48047
36485
68726
47488
48660
43762
89692
54705
71991
62921
2428
28749
99417
13266
35556
76180
18405
7913
7110
9930
37706
33771
35926
16599
88931
23297
88110
87198
77778
34662
54320
42936
24011
80406
52299
43565
8876
89877
47095
51630
46026
15545
98107
64209
60199
32436
91086
76650
88416
28418
92474
31075
82851
68012
8188
4280
85086
48439
33192
91761
45137
86860
38410
56381
65957
75717
59207
77351
32183
85008
61122
34168
49101
55971
51898
95657
47785
37052
23889
1698
98459
50836
67015
88948
90416
70368
42853
69456
56489
53570
27861
11522
67239
7187
86798
95341
91937
70629
58990
58820
74680
78905
80897
17890
33954
36220
81342
38535
76258
56542
7184
36816
82809
58705
43249
88178
74390
35450
39602
39602
14825
18231
99448
72708
65749
60365
70913
19038
66723
73900
90308
87832
15155
14113
17911
98210
22126
13049
43721
70178
28119
66733
82991
3592
19583
81070
70780
99984
61528
19854
48234
68884
10849
73321
50485
99019
18880
56206
3526
19746
43951
15758
63566
28437
73037
96543
22664
94443
92148
71021
62561
33483
93547
5726
723
37310
71953
47648
82797
68802
18970
74866
39854
57128
86551
99820
55920
54508
44397
61867
27682
76527
23624
39997
70382
25106
62889
20421
85881
70032
80186
41452
45480
45336
48962
19556
97568
97862
26323
13370
53030
78909
89313
8248
22629
77508
43373
26996
53421
41978
9184
61976
89401
13175
10195
5550
23497
49856
80107
40424
69646
95910
53186
71626
51588
13212
352
19733
46137
33780
73065
77776
3116
12181
7663
93045
42001
72986
70216
15317
21424
66026
39899
83305
12077
51279
96692
982
83395
60501
70327
47260
28522
22722
45425
37051
64696
56524
13066
48546
91075
83355
33270
59318
2179
82204
97226
19932
90870
26879
23980
91683
52158
69839
11140
52849
83589
98315
55087
86696
17248
22501
13682
39476
62481
45238
96491
71284
50663
83323
42850
74498
40353
45233
93471
95329
18703
55753
92150
67650
22489
36775
15165
53011
26873
18397
51038
33029
99811
63551
34471
1016
44581
58275
94655
613
8873
42935
91027
89735
4215
24574
86063
46439
59991
84200
71912
66083
31925
38029
22549
62267
75197
44326
80606
18359
53350
39081
40717
28664
84363
29119
63585
73850
98900
60131
17602
21634
98899
80057
81679
63754
28939
74728
29234
43238
23467
8341
92789
9938
59031
27038
79629
72762
63399
52048
95860
4133
7497
57734
82134
85535
30178
79711
81282
24354
25106
97945
26112
45056
71382
12656
44609
72336
39462
18797
37937
51346
99134
14093
73801
44321
60122
64431
92033
64628
47675
14233
42019
94992
33446
43080
25180
7886
6604
20146
34859
47940
76516
6811
84379
38003
83
77135
5646
87757
49646
85858
57583
32224
23159
51714
54377
81572
95459
73717
64054
20605
5724
63925
26639
3244
33282
32132
63171
5880
15372
69806
73635
3637
98604
2138
95129
86959
78321
45516
95225
36949
97414
89050
90000
41572
30583
44201
57337
14159
38452
60355
8719
35784
98798
79415
8156
45966
799
25582
73135
41874
46694
77637
12268
9032
77776
58380
30494
72391
17138
570
77736
49628
21010
41066
80057
83698
51781
24726
22045
29334
26483
31918
28272
63498
88023
21397
80077
21288
57474
35257
38949
24880
38943
97677
87435
33680
76850
49796
83085
12240
762
94028
5885
80279
92021
5189
96301
1341
68931
76573
20056
58573
36642
32969
3997
4758
29848
44225
69351
87952
67056
32377
51976
52902
81851
85144
67908
67395
19224
20247
28137
89053
22926
53591
35005
49593
14293
7359
54352
2521
39765
46321
62384
9289
95527
63528
84379
28354
23287
57713
29102
96856
21547
49762
14684
3463
43421
85755
8923
21589
61636
13144
40441
60451
62225
95024
46028
79893
95957
81901
16070
88252
59328
70216
1831
62141
83140
14144
31660
85440
16152
83159
82022
3862
2040
66602
67046
57543
7658
78314
58068
3608
62780
36091
22334
2294
74824
64809
26509
95297
5593
29218
17012
68216
76424
10261
12482
32381
85311
49956
17687
23972
64958
25320
5298
89309
63772
30818
70633
67932
1413
47001
74642
75073
40514
29077
53790
88009
22423
18711
45862
35985
66917
90803
86013
75426
49968
38091
66148
69757
74810
62313
61789
77507
72078
87672
66200
89602
61433
98592
62665
30168
81107
54108
98650
50501
94108
71130
86268
15089
1217
16430
3097
69911
53949
85267
9413
3437
36124
8447
14899
49489
26523
3970
34308
21137
40075
87259
50138
51863
98709
25943
49514
97903
10455
75175
33264
61687
96844
8764
40412
51394
44490
70402
87019
49448
77541
28982
85521
93486
55601
49606
23377
3693
90245
20771
16623
87330
72474
98373
55740
53490
1714
46652
59473
17207
65366
87406
78807
80619
53656
17234
65763
63215
20535
90567
92575
36537
34017
66801
76547
93241
57139
43410
7203
94822
34011
5281
30594
81609
73471
59338
82404
24645
16662
65762
62017
54338
26068
85892
11029
6261
29123
54637
6196
61261
38796
50577
31419
19933
67189
5624
67138
30881
73733
53080
53869
62255
43171
77711
6274
5307
61373
10014
68500
21190
98724
94141
15518
26116
49235
83935
29132
95401
40497
48835
90899
62992
85932
70099
98625
66376
88710
90749
51183
62683
78828
44396
49715
12795
8224
5154
17137
30987
80984
8756
22066
16904
55935
76610
16045
42003
61946
79537
31745
90076
72037
42631
31077
40171
37404
47491
70102
67630
13686
34134
61712
52283
2539
1826
22104
62304
35702
99053
39125
84943
13365
96450
255
11551
4429
30308
38128
14177
99147
18576
60760
19872
68837
20814
62316
13587
80735
94099
1438
1315
87338
20023
27176
88852
78663
38030
5921
59602
11337
34629
60850
80472
887
39994
17762
92832
93169
94872
80397
12034
81194
42382
7700
22827
4788
97355
37966
2172
79706
53529
61213
89499
59622
78835
3515
55195
51715
51139
41618
12451
71804
81244
83019
43773
35075
22865
69406
97821
23662
90961
17640
35628
85852
32000
22555
68240
11798
33523
39247
35641
86704
51463
47510
71083
36430
3838
69101
51107
292
22583
95695
6504
28757
36489
1732
56016
45277
33372
96150
93708
6474
56004
6788
17169
91173
18618
83247
69155
48559
67097
67185
3295
12358
85170
87950
4646
42279
21613
91683
64770
18573
95388
30971
81046
1431
74973
50177
53446
66472
63501
85423
8959
45416
57476
17572
90533
14728
27152
83925
29464
67043
54257
16698
49986
39551
8974
92105
34144
79699
87059
43744
52234
32387
13160
66587
30400
17894
64367
87718
80146
73321
7353
96621
16492
9484
99749
751
88829
23722
84118
2128
11491
33014
6224
70861
61077
98496
57519
85547
86957
12695
83140
73513
13999
71529
21293
20500
11194
24870
63440
83864
13289
26051
21108
53619
67270
63290
73884
64646
44557
74158
40416
1126
41977
60620
7753
88015
7149
86189
32297
63575
34785
50680
43285
38848
45094
94884
92385
39815
26232
64315
21942
47738
91999
51770
64338
46119
94146
21718
84636
69135
83241
88184
11234
76537
67469
35593
26609
96483
46878
61385
11504
42931
85008
5528
31353
98667
82243
20855
19542
82811
95982
96937
60596
1489
33160
3028
86502
32587
29650
79428
36761
64429
86948
42254
63567
72718
86482
85233
6779
63885
73307
34904
21272
65889
85839
47229
9669
34541
77370
94247
62817
72434
41264
70452
38463
19327
87319
68146
94790
84740
81452
44456
67720
65540
67635
95345
18973
43433
27294
55240
3611
23121
65465
84511
30228
4230
29232
50889
95436
77003
82654
25752
81782
48658
37203
87616
31242
6730
81536
26107
50789
99030
17986
50438
86844
473
43081
77064
89470
98637
69797
13202
17158
60371
87148
68898
5434
15589
34889
25986
59939
31208
60036
49645
88521
77853
27434
2642
82474
63509
31257
34960
32150
16964
62698
5634
77258
63279
91836
66740
94087
44608
47577
28115
52975
3160
70919
62468
42588
95908
28237
53322
30589
7304
24287
55979
52173
44663
93225
97260
31089
72581
10196
33976
72142
63380
51287
51392
57093
73546
23325
97820
59501
61124
43119
60207
79243
92451
85759
21929
23023
4389
70576
2343
66574
64623
4868
90037
91192
31718
66500
39891
95510
34237
38310
77429
64194
44488
77438
10244
85218
42639
98051
2306
66722
73886
30524
92203
78637
38457
4391
10166
95912
19149
48614
59931
24779
11522
77831
75343
49853
34668
97775
38923
1387
13537
44130
65771
46212
92805
85201
27090
24372
93536
10112
618
123
9265
9459
5481
82057
38461
86964
84623
54553
77952
81572
19436
97415
71875
32860
89471
31663
81422
49758
11800
31300
16853
94237
26687
64361
59278
35397
96238
19887
71075
52521
29625
40620
31715
74056
44846
75092
49427
51834
90135
52343
51521
54972
15773
72631
3449
59414
61510
45956
33872
15046
64575
1749
10462
48043
7988
49317
85001
35023
50716
81096
25916
48625
30546
63081
96214
18319
31966
59297
6271
40685
52755
63766
87477
88356
38993
52366
66565
37194
5994
15150
79350
59481
72802
80339
90303
12415
36751
59404
85528
20546
90272
98450
17837
78893
46106
43301
97839
78364
32830
82437
42085
90880
27078
3306
83073
47919
73806
89408
64781
40043
13071
60610
39171
34893
38310
12018
6364
90798
26772
48786
65728
40690
82335
28738
27356
42993
90133
52854
56498
96707
4688
39891
23210
34856
60917
38438
30438
25777
54039
36418
64788
84430
24184
98228
48668
90453
63664
18212
91065
28396
66726
20778
79941
11347
72731
14123
55852
31697
79238
30799
27715
19609
33498
97856
68017
23096
29827
7712
57931
27678
41167
10375
41150
87591
13066
14488
19717
67877
69794
6911
7675
70092
89354
55274
22666
98905
51129
24001
48482
37856
2354
92323
52357
52945
50846
67582
13247
6853
5333
54923
42099
33003
19676
87236
65680
35657
86825
17666
92994
75121
29442
88343
33541
32675
39587
90469
99157
77593
9885
75961
3712
22483
1404
30600
32413
98302
88545
5188
67830
11747
62191
97306
68577
75786
47297
95660
39885
48874
59640
85862
40023
65934
47538
67007
19963
53317
89109
25870
59240
773
57612
65094
27660
56381
93608
41104
41935
16790
14600
42371
75900
56646
17459
95363
27130
47089
91266
90003
53817
87611
28315
73816
87655
61422
20920
73899
97570
72485
805
46906
25512
9779
58856
88765
53034
16883
82908
53616
84159
22125
41430
28242
87412
57761
74024
89400
90210
7699
66627
22382
53400
37235
87735
18443
6807
77479
95926
93328
25629
91224
39639
89054
21240
91286
46743
96081
4764
7305
16793
70332
83792
34133
46286
67458
37955
40
30512
70414
27548
81924
80680
95888
21583
70244
48175
66677
78347
96108
21682
75201
74288
28273
66126
88972
25342
55874
8891
51062
99432
86226
97670
62600
56296
61539
31222
69481
32396
26481
97551
52281
494
81848
10293
64046
47841
3618
76168
87560
68519
57073
68558
45683
28735
37094
59887
7865
92476
81483
1018
84033
3953
81123
74212
22824
30569
14348
13488
30618
59731
90958
27594
94637
45210
63619
85358
46011
46098
96963
69926
88410
67054
11690
58672
70617
97359
39080
42141
76441
215
10758
11798
9541
13596
81008
1722
9584
83223
41731
37250
54218
24348
52
2021
8830
19269
10426
90647
57195
93703
82329
92908
17117
69413
96940
77915
64487
88995
49390
44637
79392
12275
31525
57301
48855
89259
48012
66121
78740
8024
1404
66671
92972
10380
65558
31811
83744
35218
2223
37332
66323
53410
34840
72767
17574
17936
2537
1906
3090
61471
2602
63059
57698
19763
60222
63161
33450
14084
38796
97080
27879
78671
72747
98426
43829
46118
80585
50089
60103
90247
92024
22089
73574
65482
22166
11266
53001
58195
62103
48763
32686
8424
20049
71330
72466
96605
6564
72552
82258
91083
79492
90057
41215
66879
30340
24777
46776
99630
22689
65402
22758
2950
68936
88570
80569
4544
31269
24985
2522
17778
35401
18745
66509
46337
95223
53102
50118
82035
28587
25541
25316
45634
83175
19360
29582
2861
83260
32415
5417
25384
64241
92411
79827
60660
64243
76459
61311
77642
39417
29706
89165
83920
12787
6000
24933
25390
69903
46972
87216
13754
83399
33427
68468
18063
55466
78370
92906
21916
54661
66336
76829
43961
9838
61551
54144
39285
91405
87361
46989
66923
60584
73814
15702
40050
49097
15427
83114
26067
95662
39695
42310
20854
99116
37048
20820
77429
24417
8883
72101
38962
59829
64080
34151
19940
39052
67739
98051
70188
12747
9342
7957
95271
7172
13508
31913
62812
81375
18936
76751
75797
84199
7724
49050
14570
97231
31127
12314
92696
9471
41270
41684
76465
28287
5938
45627
23822
12702
18178
20494
26751
7359
38183
65934
74946
56065
55253
93337
14482
10634
98578
82632
85943
95887
23095
34561
40699
1570
54355
59578
6877
82009
40111
95595
85726
4247
19180
30158
26713
82585
53801
2870
25264
82047
57280
7145
42689
66484
56400
67804
81399
69340
30965
91881
27069
66202
56691
93679
31725
26619
27282
69063
21383
12130
78883
84414
70621
25713
10817
94708
42571
64721
16979
61775
14692
34430
50734
21917
61479
16625
91159
82500
83889
52939
91269
54216
39020
1179
15045
15608
484
41741
90519
24949
65114
94448
1878
16865
57522
81921
60053
46335
25223
34297
76517
82253
76991
40848
54963
47099
90521
92108
62158
53415
56098
16970
96614
69622
32102
30888
21680
70224
35428
45580
23462
28793
55515
7285
15179
27176
98496
82140
2796
71622
23634
80358
17154
16196
18180
47369
78100
83993
25657
96984
57242
6263
79087
23757
54588
49161
35665
64626
82937
26667
4720
81772
65219
23942
29900
67237
50407
57671
87981
21045
57610
23418
28430
53259
86351
34888
20921
52893
57910
19114
89773
94538
17246
76009
29115
7528
2091
21300
23313
18608
16579
17117
92749
66722
65106
22640
36052
69973
70093
58161
63675
53567
98451
91345
11265
37278
36400
26573
2304
42529
22075
89635
73496
39830
54687
18001
52140
67088
78231
92908
71048
63604
30290
14618
14655
58688
49815
17900
56596
89913
33250
13148
86318
68208
65067
79615
35311
14097
25704
86534
51389
487
85129
96951
31551
92975
12353
48643
676
46103
25924
39428
55580
12371
77420
90677
12330
4348
38390
98062
45489
51685
17033
58778
54636
84284
3830
19542
44122
2392
49979
64777
88310
87717
64098
35995
9285
73226
21863
59315
94984
26483
25654
96881
85553
8800
66387
54212
12082
75721
10355
27880
14640
9516
82247
89248
31863
14933
15417
71149
21640
6536
79790
75400
52173
80814
32684
87138
92142
10138
89557
30901
50395
5591
37810
54117
42121
42384
96395
66489
12826
22939
83282
34193
63445
47459
13183
52963
42036
6896
80086
10389
63260
6805
13541
79929
28776
28502
77801
40192
1662
84596
29521
54268
10723
4791
33786
59479
83274
27927
44921
92137
86887
28070
94455
74458
94946
73085
30230
27445
25031
25922
73458
89124
85339
40467
2211
44910
90761
69394
41823
66538
32666
87052
91228
33118
29570
12775
48243
62297
8439
79752
32448
91561
11325
43967
12102
58937
23965
13775
82479
9163
30548
18942
29073
29774
27527
44501
89549
48316
57460
14484
1777
70515
35076
78198
50684
27374
59613
58332
18241
54335
37780
51160
24517
29291
9984
85112
48835
23041
37257
24717
43919
36825
38142
7416
54968
78246
79078
36368
58598
52663
3663
9170
3426
58127
4227
52389
79829
44351
6136
19784
65545
58653
17190
66491
39947
11172
13491
85255
84530
87911
80234
79371
55034
96883
96075
41092
49865
20480
47036
90999
42739
47059
55356
45534
28536
83123
15800
54446
14026
56006
88535
12929
62029
73128
54320
36676
151
53832
9851
8927
13432
67390
12069
8124
67987
26028
73629
79158
20553
77393
13803
88544
75767
5028
14272
83086
18902
94035
20201
62724
95936
62071
15133
15642
89202
6676
14902
32808
17325
97450
12988
9620
98807
34299
54653
54005
57342
65082
79417
68290
17117
81676
22137
9276
8375
78558
56831
90837
33567
44130
14265
78396
66522
79271
84207
20039
13533
39315
66460
96027
38192
50816
72826
78330
49940
14865
8054
21865
81536
75280
9506
15389
87591
61925
98569
48322
61782
58868
25405
10408
46457
82196
54156
46410
19869
11016
96433
23196
74128
93179
31367
85296
79461
16157
88857
38757
92211
73268
78068
81101
9885
56897
48958
4378
46700
43217
36959
93892
31417
2332
77629
76953
91655
8125
98439
49953
85004
92239
95431
61773
67985
74528
5530
12444
65999
93428
94172
98281
8569
11769
37564
61845
344
79330
81167
9580
49553
91491
87776
10871
62339
79720
80869
77469
69229
43922
72205
2006
71532
81999
52437
66958
98530
26709
51833
627
97202
64379
79464
27355
8680
59059
98033
4692
93750
29864
36154
53161
14008
37904
56559
35086
91065
84942
60951
97737
62223
49383
99746
12285
95105
96638
60830
65204
38089
5070
8265
42632
81492
41604
52897
65742
32997
72311
82231
69311
26106
75781
66786
24549
78823
79691
60944
91166
89950
36288
65239
59472
16081
89679
19914
83977
46574
8943
11271
13746
69992
15648
90925
20976
62518
11844
56299
69750
71925
47576
41619
63882
88169
10574
23693
45810
45057
81129
44040
21083
98103
71763
29035
27878
80183
96670
20970
16688
77463
20565
72916
51100
79205
70142
42537
40414
35519
11568
37353
20903
50714
9291
7592
66120
72262
13495
96477
97125
36905
65468
95418
68984
71208
33147
23605
60351
57093
98473
96485
26595
25345
49510
42665
31398
69762
57501
73954
73192
86192
64090
21504
12085
13114
6242
34682
1614
13558
42260
53623
22803
27557
88731
66826
44011
46804
64268
72955
90991
35935
91811
45887
70937
42960
92756
64009
71812
34501
84624
73178
18592
66896
81687
12820
22164
70743
39476
83213
42672
89660
40985
95871
81039
70007
40951
22556
39397
34144
47066
3166
90859
64297
68160
69021
55108
32647
36660
46617
20298
98769
28011
85367
89690
68320
29242
74441
71865
18519
94770
55558
66369
43581
13978
10169
37741
41957
78343
39253
11325
1263
49977
95077
47685
38855
31733
19809
62328
48042
89659
61181
18189
67369
41955
64124
98059
73767
36537
72579
37303
15804
74354
6440
18646
99612
63818
86152
42465
77426
31964
5783
99589
82853
34237
82099
52147
81693
36661
70290
65931
55807
84763
27449
15807
96435
59436
24590
67559
8903
4775
16453
22754
99020
33192
43319
15587
55422
80831
35089
95583
65282
63660
70665
91665
40071
19674
57035
72776
71823
17909
68337
47855
28135
49641
32241
66582
82994
16856
51472
44194
59652
47288
78132
27566
94570
30855
29752
56411
28679
9419
85816
79324
48952
16746
7788
41175
6553
92067
85682
4728
62401
74088
3876
14232
97192
32025
73352
76069
97706
55133
96294
16815
34627
37055
42900
5007
12281
22563
97069
4467
18265
87812
50433
32874
43994
81259
