29
38
40
52
83
116
123
151
215
255
256
265
292
296
329
344
352
354
371
413
451
473
484
487
494
511
552
570
573
613
618
627
627
639
676
723
751
756
762
773
799
805
887
938
982
1007
1010
1011
1016
1018
1024
1049
1110
1126
1135
1140
1179
1217
1263
1271
1315
1341
1355
1360
1387
1404
1404
1413
1431
1438
1489
1492
1495
1496
1516
1570
1589
1614
1662
1673
1690
1698
1710
1714
1722
1724
1732
1733
1743
1749
1777
1826
1831
1878
1906
2006
2021
2040
2091
2119
2128
2138
2150
2169
2172
2179
2211
2223
2294
2304
2306
2332
2343
2354
2392
2428
2459
2502
2521
2522
2537
2539
2602
2610
2636
2642
2694
2762
2796
2842
2861
2864
2870
2924
2941
2950
3013
3018
3028
3090
3097
3101
3116
3152
3160
3166
3167
3180
3187
3202
3227
3244
3255
3259
3289
3295
3306
3426
3437
3449
3453
3456
3463
3513
3515
3526
3592
3599
3608
3611
3614
3618
3637
3663
3672
3693
3703
3712
3781
3830
3838
3862
3876
3951
3953
3970
3979
3997
4000
4010
4030
4081
4092
4133
4136
4215
4227
4230
4247
4247
4280
4331
4348
4378
4379
4389
4391
4429
4467
4544
4646
4663
4688
4692
4720
4728
4743
4758
4764
4775
4776
4788
4791
4868
4913
4979
5007
5028
5070
5134
5154
5188
5189
5189
5235
5263
5281
5298
5307
5324
5329
5333
5383
5408
5417
5434
5481
5526
5528
5530
5538
5543
5550
5561
5576
5581
5591
5593
5595
5601
5624
5634
5646
5699
5703
5704
5721
5724
5726
5728
5752
5783
5811
5832
5861
5880
5885
5896
5921
5938
5941
5994
6000
6046
6053
6094
6124
6136
6139
6144
6196
6204
6224
6226
6233
6242
6261
6263
6271
6274
6274
6275
6341
6364
6440
6474
6477
6493
6496
6504
6536
6545
6551
6553
6564
6604
6648
6665
6671
6676
6698
6718
6730
6779
6788
6805
6807
6811
6853
6877
6889
6896
6898
6911
6924
7019
7109
7110
7115
7138
7145
7149
7155
7172
7184
7187
7196
7203
7256
7285
7303
7304
7305
7353
7359
7359
7415
7416
7421
7435
7435
7452
7485
7497
7528
7539
7592
7658
7663
7675
7679
7699
7700
7712
7724
7724
7736
7753
7788
7865
7883
7886
7913
7915
7957
7988
7992
8016
8024
8054
8087
8124
8125
8131
8156
8188
8206
8224
8248
8265
8299
8329
8341
8375
8402
8424
8439
8443
8447
8465
8569
8680
8702
8709
8719
8756
8764
8773
8800
8830
8832
8873
8876
8883
8891
8903
8923
8927
8943
8959
8974
9027
9029
9032
9045
9070
9100
9102
9119
9154
9163
9170
9184
9204
9265
9276
9285
9289
9291
9342
9355
9357
9413
9419
9446
9449
9459
9471
9484
9493
9506
9516
9522
9541
9547
9580
9584
9620
9669
9672
9684
9712
9715
9733
9773
9779
9838
9851
9885
9885
9888
9901
9920
9930
9938
9940
9984
10007
10014
10015
10112
10138
10149
10151
10156
10166
10169
10195
10196
10230
10244
10261
10293
10355
10375
10380
10389
10408
10426
10455
10462
10478
10512
10518
10530
10574
10607
10634
10675
10723
10737
10758
10808
10817
10849
10871
10964
10975
10978
10996
11003
11016
11029
11072
11140
11168
11172
11194
11234
11247
11265
11266
11271
11325
11325
11337
11344
11347
11423
11491
11504
11522
11522
11551
11568
11568
11586
11599
11605
11616
11625
11690
11747
11769
11778
11798
11798
11800
11844
11850
11890
11902
11978
11997
12018
12034
12069
12077
12082
12085
12101
12102
12114
12130
12130
12149
12167
12181
12238
12240
12268
12275
12281
12285
12314
12325
12330
12353
12358
12361
12371
12415
12435
12444
12451
12482
12524
12593
12613
12642
12656
12695
12702
12747
12761
12775
12787
12795
12820
12826
12929
12967
12981
12988
13008
13032
13036
13049
13059
13061
13066
13066
13071
13102
13114
13141
13144
13148
13160
13175
13183
13202
13212
13213
13217
13247
13259
13266
13289
13293
13342
13362
13365
13368
13370
13432
13488
13491
13495
13499
13508
13533
13537
13541
13558
13587
13596
13596
13630
13641
13656
13682
13686
13714
13746
13754
13775
13803
13875
13942
13978
13999
14008
14016
14026
14084
14093
14097
14113
14123
14144
14159
14177
14215
14219
14219
14232
14233
14265
14272
14293
14293
14347
14348
14351
14382
14393
14465
14482
14484
14488
14496
14527
14570
14597
14600
14618
14640
14655
14684
14692
14728
14734
14762
14825
14865
14884
14899
14902
14910
14933
14984
15039
15045
15046
15089
15133
15150
15155
15165
15169
15170
15179
15205
15205
15234
15256
15317
15326
15344
15369
15372
15389
15389
15396
15416
15417
15427
15483
15504
15518
15534
15545
15553
15565
15587
15589
15608
15614
15627
15642
15648
15659
15686
15696
15702
15711
15758
15758
15773
15783
15784
15800
15804
15807
15811
15825
15919
15924
16027
16045
16069
16070
16081
16089
16095
16152
16157
16165
16196
16211
16226
16237
16430
16453
16471
16492
16511
16512
16579
16599
16623
16625
16662
16688
16698
16734
16739
16746
16783
16790
16793
16807
16815
16853
16856
16865
16868
16879
16883
16883
16900
16904
16958
16964
16970
16979
17012
17031
17033
17117
17117
17117
17137
17138
17138
17152
17154
17158
17169
17190
17207
17234
17246
17248
17325
17343
17367
17399
17409
17415
17443
17459
17566
17572
17574
17595
17602
17636
17640
17658
17666
17687
17690
17762
17773
17778
17793
17831
17837
17850
17890
17894
17900
17909
17911
17924
17936
17986
18001
18028
18063
18126
18141
18178
18180
18189
18191
18212
18216
18231
18241
18241
18264
18265
18268
18319
18359
18365
18397
18405
18443
18468
18484
18502
18519
18531
18547
18573
18574
18575
18576
18592
18600
18608
18618
18646
18682
18703
18706
18711
18736
18745
18761
18797
18800
18880
18898
18902
18936
18942
18970
18973
19006
19038
19104
19114
19145
19149
19162
19180
19224
19269
19273
19327
19360
19436
19487
19523
19542
19542
19556
19583
19589
19609
19611
19626
19644
19666
19674
19676
19717
19733
19746
19763
19784
19788
19809
19854
19864
19869
19872
19877
19887
19911
19914
19914
19932
19933
19940
19944
19963
19991
19995
20009
20023
20039
20049
20051
20056
20108
20145
20146
20150
20184
20201
20247
20298
20377
20396
20421
20467
20480
20494
20494
20500
20524
20530
20535
20546
20553
20565
20605
20634
20687
20766
20771
20777
20778
20804
20814
20820
20825
20854
20855
20903
20920
20921
20948
20970
20975
20976
21009
21010
21045
21083
21108
21137
21183
21190
21240
21272
21280
21282
21288
21293
21300
21322
21325
21383
21397
21404
21424
21504
21540
21547
21583
21589
21607
21613
21634
21640
21669
21680
21682
21718
21819
21863
21865
21899
21916
21917
21929
21942
22045
22066
22075
22089
22104
22125
22126
22137
22164
22166
22167
22180
22263
22270
22298
22334
22382
22383
22423
22440
22448
22483
22489
22501
22525
22549
22555
22556
22563
22583
22590
22621
22629
22634
22640
22664
22666
22672
22689
22693
22704
22722
22754
22758
22789
22803
22812
22824
22827
22865
22926
22939
22994
23006
23020
23023
23041
23060
23068
23095
23096
23121
23141
23159
23196
23210
23287
23297
23313
23325
23325
23377
23417
23418
23419
23462
23467
23468
23497
23508
23522
23540
23541
23605
23624
23634
23662
23693
23722
23724
23757
23759
23764
23806
23822
23827
23889
23917
23942
23948
23965
23966
23972
23980
24001
24011
24097
24100
24111
24124
24136
24175
24184
24197
24287
24296
24348
24354
24372
24400
24417
24428
24493
24517
24549
24574
24590
24596
24601
24645
24667
24715
24717
24726
24777
24777
24779
24870
24880
24893
24933
24949
24985
24997
25027
25031
25058
25069
25079
25081
25093
25106
25106
25147
25180
25196
25197
25223
25264
25308
25316
25320
25337
25342
25345
25384
25390
25400
25405
25448
25451
25466
25512
25518
25541
25582
25629
25654
25657
25704
25713
25724
25752
25777
25786
25800
25870
25871
25916
25922
25924
25942
25943
25986
26006
26009
26028
26032
26051
26064
26067
26068
26090
26106
26107
26112
26116
26161
26163
26224
26229
26232
26255
26259
26261
26269
26323
26481
26483
26483
26496
26504
26509
26523
26567
26573
26581
26595
26609
26619
26639
26655
26667
26687
26701
26709
26709
26713
26739
26742
26749
26751
26772
26787
26832
26864
26873
26879
26948
26996
27029
27038
27042
27069
27078
27090
27130
27138
27152
27155
27176
27176
27202
27229
27282
27294
27320
27348
27355
27356
27374
27391
27416
27434
27445
27449
27463
27476
27486
27517
27527
27548
27557
27566
27578
27594
27627
27638
27645
27658
27660
27678
27682
27709
27715
27768
27794
27835
27841
27861
27878
27879
27880
27927
28011
28038
28070
28115
28119
28135
28137
28142
28237
28242
28272
28273
28287
28315
28348
28354
28377
28379
28396
28404
28418
28430
28437
28502
28506
28522
28536
28552
28564
28587
28594
28604
28654
28659
28664
28669
28678
28679
28735
28738
28745
28749
28757
28766
28776
28793
28866
28886
28893
28938
28939
28953
28955
28982
29010
29035
29037
29069
29073
29076
29077
29102
29108
29115
29119
29123
29127
29132
29214
29218
29232
29234
29242
29272
29291
29334
29344
29345
29402
29424
29442
29464
29469
29521
29534
29570
29582
29625
29648
29650
29706
29730
29752
29774
29787
29806
29815
29825
29827
29848
29864
29900
29951
30020
30158
30168
30178
30194
30208
30228
30230
30290
30308
30340
30384
30400
30400
30438
30492
30494
30512
30524
30546
30548
30569
30572
30583
30589
30589
30594
30598
30600
30611
30618
30683
30695
30699
30718
30726
30799
30818
30835
30855
30855
30881
30888
30896
30901
30955
30961
30965
30971
30987
31072
31075
31077
31089
31116
31127
31208
31222
31225
31236
31242
31257
31258
31269
31298
31300
31328
31353
31367
31398
31402
31402
31417
31419
31453
31458
31475
31525
31551
31572
31609
31609
31650
31660
31663
31676
31685
31697
31715
31718
31725
31733
31745
31811
31813
31836
31863
31872
31874
31901
31913
31918
31918
31925
31964
31966
31970
32000
32025
32050
32102
32103
32106
32128
32131
32132
32150
32154
32183
32224
32227
32233
32241
32297
32335
32353
32360
32377
32378
32381
32387
32396
32413
32415
32436
32448
32551
32584
32587
32647
32664
32666
32675
32684
32686
32730
32808
32815
32825
32829
32830
32860
32874
32888
32966
32969
32975
32997
33003
33006
33007
33014
33029
33030
33103
33118
33123
33147
33160
33168
33192
33192
33192
33250
33256
33264
33270
33282
33290
33372
33383
33427
33427
33446
33450
33483
33498
33523
33533
33541
33562
33567
33587
33592
33599
33680
33685
33692
33702
33739
33771
33780
33784
33786
33809
33846
33865
33872
33926
33950
33954
33976
33999
34001
34011
34017
34111
34133
34134
34144
34144
34151
34168
34187
34193
34237
34237
34258
34278
34287
34297
34299
34308
34320
34331
34411
34419
34430
34471
34501
34541
34561
34584
34594
34601
34612
34627
34629
34641
34662
34668
34682
34738
34739
34762
34782
34785
34804
34840
34856
34858
34859
34888
34889
34893
34904
34922
34960
35005
35023
35075
35076
35086
35089
35169
35218
35222
35239
35247
35257
35279
35311
35397
35401
35428
35450
35519
35556
35593
35619
35620
35628
35641
35657
35665
35702
35733
35784
35839
35926
35935
35950
35985
35995
36032
36052
36078
36091
36108
36124
36154
36220
36275
36288
36300
36308
36355
36366
36368
36378
36400
36412
36418
36430
36448
36485
36489
36525
36537
36537
36567
36642
36660
36661
36676
36751
36761
36775
36788
36816
36825
36834
36838
36850
36905
36933
36949
36959
37048
37051
37052
37055
37083
37094
37151
37194
37194
37203
37235
37250
37257
37257
37278
37278
37303
37310
37332
37353
37354
37404
37413
37462
37564
37565
37637
37668
37698
37706
37712
37741
37752
37764
37780
37780
37809
37810
37856
37867
37904
37937
37955
37966
38003
38029
38030
38089
38091
38128
38142
38183
38192
38270
38310
38310
38345
38390
38410
38438
38452
38457
38461
38463
38504
38521
38535
38577
38600
38636
38757
38789
38796
38796
38809
38811
38847
38848
38855
38889
38903
38923
38943
38945
38949
38962
38975
38993
39009
39020
39052
39071
39080
39081
39125
39132
39171
39191
39193
39247
39253
39262
39279
39285
39315
39397
39402
39417
39428
39462
39476
39476
39517
39551
39585
39587
39602
39602
39611
39639
39669
39686
39695
39765
39773
39779
39792
39815
39830
39831
39854
39882
39885
39891
39891
39899
39945
39947
39994
39997
40001
40023
40043
40050
40053
40071
40075
40111
40157
40171
40192
40330
40353
40412
40414
40416
40421
40424
40441
40467
40474
40497
40500
40514
40543
40620
40681
40683
40685
40690
40691
40699
40717
40803
40822
40842
40848
40951
40985
40995
41036
41037
41066
41092
41104
41150
41161
41167
41175
41191
41214
41215
41226
41239
41264
41270
41294
41350
41415
41430
41431
41431
41441
41452
41572
41604
41604
41618
41619
41625
41675
41681
41684
41698
41724
41731
41739
41741
41749
41772
41786
41823
41874
41935
41955
41957
41966
41977
41978
41993
42001
42003
42005
42019
42036
42062
42085
42099
42121
42122
42136
42141
42170
42254
42260
42279
42310
42316
42371
42382
42384
42465
42471
42490
42529
42532
42537
42571
42588
42605
42618
42631
42632
42639
42665
42672
42689
42702
42723
42724
42739
42779
42783
42785
42847
42850
42853
42900
42931
42935
42936
42960
42993
43009
43029
43065
43080
43081
43085
43119
43156
43171
43217
43238
43249
43285
43288
43301
43319
43366
43373
43410
43421
43425
43433
43465
43491
43565
43573
43581
43683
43721
43731
43744
43762
43762
43773
43810
43819
43827
43829
43841
43861
43919
43922
43923
43945
43951
43961
43967
43973
43992
43994
44011
44017
44040
44069
44070
44089
44122
44130
44130
44145
44170
44194
44200
44201
44209
44225
44290
44321
44326
44329
44351
44396
44397
44419
44456
44485
44488
44490
44496
44501
44531
44557
44559
44581
44608
44609
44619
44636
44637
44642
44663
44702
44710
44745
44749
44802
44816
44832
44846
44910
44910
44921
44950
44997
45056
45057
45094
45137
45188
45203
45210
45233
45238
45239
45277
45336
45384
45405
45416
45425
45430
45458
45480
45489
45500
45516
45525
45534
45580
45608
45627
45634
45676
45683
45720
45735
45761
45771
45775
45777
45784
45810
45814
45862
45887
45956
45966
45980
46011
46026
46026
46028
46057
46074
46098
46103
46106
46118
46119
46137
46212
46286
46302
46321
46335
46337
46410
46439
46457
46574
46582
46617
46631
46652
46687
46694
46700
46743
46755
46776
46804
46878
46906
46906
46934
46939
46953
46972
46989
46994
47001
47011
47036
47059
47060
47066
47079
47089
47095
47099
47177
47229
47260
47271
47275
47288
47297
47297
47314
47361
47369
47384
47459
47488
47491
47510
47523
47527
47538
47544
47546
47553
47576
47577
47648
47666
47675
47685
47738
47776
47785
47841
47855
47870
47882
47919
47940
47944
47963
47977
47989
48003
48005
48012
48042
48043
48047
48083
48130
48150
48175
48176
48234
48243
48285
48297
48308
48316
48322
48352
48422
48428
48434
48439
48439
48468
48482
48528
48546
48559
48606
48614
48625
48643
48658
48660
48668
48687
48763
48786
48812
48835
48835
48843
48850
48855
48874
48915
48952
48958
48962
49002
49015
49015
49050
49072
49097
49097
49101
49121
49155
49161
49235
49248
49300
49302
49303
49317
49345
49374
49383
49390
49412
49427
49448
49456
49459
49480
49489
49510
49514
49553
49567
49589
49593
49605
49606
49628
49630
49641
49645
49646
49669
49673
49715
49758
49762
49769
49769
49770
49790
49796
49815
49853
49856
49865
49886
49931
49940
49953
49956
49968
49977
49979
49986
50089
50110
50118
50138
50177
50283
50307
50321
50325
50395
50407
50415
50433
50438
50438
50474
50485
50491
50501
50515
50519
50533
50537
50577
50663
50677
50680
50684
50687
50714
50716
50734
50737
50765
50789
50816
50817
50836
50846
50858
50882
50889
50962
51017
51038
51062
51070
51100
51107
51129
51139
51160
51181
51183
51192
51219
51279
51287
51346
51389
51392
51394
51426
51429
51463
51472
51476
51494
51521
51588
51591
51630
51669
51685
51714
51715
51770
51781
51832
51833
51834
51846
51863
51898
51941
51976
52012
52021
52048
52104
52127
52140
52147
52158
52167
52173
52173
52208
52234
52257
52262
52281
52283
52294
52299
52317
52335
52343
52357
52366
52375
52379
52389
52437
52521
52590
52612
52663
52674
52678
52746
52755
52770
52806
52827
52849
52854
52893
52897
52902
52903
52938
52939
52945
52963
52965
52975
53001
53011
53030
53034
53080
53101
53102
53159
53161
53186
53212
53229
53259
53261
53317
53322
53350
53400
53410
53415
53421
53446
53490
53496
53529
53567
53570
53591
53610
53615
53616
53619
53623
53653
53656
53668
53673
53685
53687
53725
53738
53790
53800
53801
53817
53832
53840
53856
53869
53870
53919
53949
53988
53996
54005
54039
54108
54117
54144
54151
54156
54200
54204
54212
54214
54216
54218
54257
54259
54268
54305
54320
54320
54335
54338
54348
54352
54355
54355
54377
54402
54415
54416
54446
54478
54502
54508
54553
54588
54636
54637
54653
54661
54673
54681
54687
54701
54705
54736
54745
54746
54779
54827
54829
54858
54879
54923
54963
54968
54972
54973
54992
55034
55073
55087
55089
55097
55108
55133
55195
55202
55240
55241
55253
55261
55274
55356
55388
55422
55440
55466
55483
55515
55556
55558
55580
55601
55606
55632
55676
55698
55740
55753
55799
55807
55826
55852
55856
55874
55920
55933
55935
55971
55979
56004
56006
56016
56065
56087
56098
56106
56127
56149
56193
56200
56206
56282
56296
56299
56306
56352
56381
56381
56397
56400
56411
56480
56489
56498
56504
56524
56542
56559
56596
56646
56646
56649
56687
56691
56725
56736
56810
56831
56852
56862
56897
56922
57035
57073
57093
57093
57128
57139
57153
57183
57195
57209
57211
57242
57247
57280
57301
57305
57306
57337
57337
57342
57460
57473
57474
57476
57501
57519
57522
57543
57573
57583
57588
57601
57610
57612
57625
57671
57698
57713
57729
57734
57761
57910
57931
57977
57985
58055
58068
58087
58119
58127
58131
58158
58161
58173
58195
58219
58275
58332
58348
58365
58372
58380
58413
58524
58573
58598
58653
58672
58688
58705
58706
58778
58795
58812
58812
58819
58820
58856
58868
58883
58886
58898
58937
58990
59026
59031
59059
59068
59113
59207
59240
59256
59276
59278
59290
59296
59297
59311
59315
59318
59328
59338
59344
59404
59414
59422
59436
59443
59448
59472
59473
59479
59480
59481
59486
59496
59501
59519
59523
59531
59533
59578
59601
59602
59609
59613
59622
59628
59640
59652
59655
59676
59731
59765
59776
59829
59887
59903
59929
59931
59939
59977
59991
60036
60053
60064
60101
60103
60113
60122
60131
60199
60207
60211
60222
60237
60286
60351
60353
60353
60355
60365
60365
60371
60416
60451
60496
60501
60537
60549
60584
60596
60610
60610
60620
60660
60760
60763
60823
60830
60850
60870
60885
60914
60917
60921
60930
60944
60949
60951
60965
61077
61122
61124
61134
61155
61181
61213
61261
61293
61311
61373
61377
61385
61410
61413
61422
61433
61453
61463
61471
61479
61510
61528
61539
61551
61556
61573
61598
61625
61632
61636
61687
61701
61712
61727
61736
61773
61775
61782
61789
61814
61845
61867
61877
61878
61885
61925
61946
61976
61994
62017
62029
62030
62052
62071
62076
62103
62111
62141
62142
62144
62158
62191
62223
62225
62255
62267
62272
62276
62276
62297
62301
62304
62313
62316
62318
62328
62339
62384
62401
62446
62468
62481
62496
62518
62519
62561
62600
62634
62665
62683
62698
62699
62709
62724
62746
62780
62797
62812
62817
62889
62921
62961
62992
63014
63031
63032
63059
63081
63094
63159
63161
63171
63199
63215
63260
63279
63290
63302
63336
63350
63380
63399
63409
63440
63444
63445
63498
63501
63501
63509
63528
63548
63551
63566
63567
63574
63575
63585
63604
63619
63653
63659
63659
63660
63664
63675
63678
63717
63754
63766
63772
63779
63818
63882
63885
63893
63925
63934
64009
64046
64054
64080
64083
64090
64098
64124
64144
64194
64209
64214
64241
64243
64251
64251
64268
64297
64315
64334
64338
64361
64367
64379
64429
64431
64464
64469
64487
64490
64573
64575
64616
64619
64623
64626
64628
64646
64691
64696
64721
64730
64770
64777
64781
64788
64809
64830
64939
64958
64963
65067
65082
65088
65094
65106
65114
65128
65203
65204
65219
65230
65239
65241
65282
65366
65388
65402
65405
65425
65465
65468
65482
65515
65525
65540
65545
65548
65558
65638
65680
65691
65713
65728
65733
65742
65749
65753
65762
65763
65771
65781
65889
65889
65914
65931
65932
65934
65934
65934
65957
65999
66026
66028
66083
66091
66112
66120
66121
66126
66148
66200
66202
66289
66292
66310
66323
66332
66336
66348
66369
66376
66387
66440
66452
66460
66464
66472
66479
66484
66489
66491
66491
66500
66509
66522
66538
66565
66570
66574
66582
66587
66602
66627
66656
66671
66677
66683
66722
66722
66723
66726
66733
66740
66786
66801
66824
66826
66879
66896
66917
66923
66923
66953
66958
66962
66987
67007
67015
67043
67046
67054
67056
67067
67088
67097
67116
67128
67131
67138
67139
67142
67144
67185
67189
67214
67237
67239
67258
67270
67274
67295
67315
67369
67390
67392
67395
67458
67463
67469
67484
67519
67553
67559
67582
67599
67630
67635
67650
67720
67739
67804
67830
67856
67859
67877
67908
67932
67934
67953
67969
67985
67987
68012
68017
68031
68076
68131
68139
68146
68160
68191
68208
68216
68229
68236
68240
68246
68247
68290
68302
68320
68337
68437
68441
68454
68468
68472
68500
68519
68522
68558
68577
68592
68605
68612
68636
68663
68678
68689
68698
68726
68802
68823
68837
68850
68884
68884
68898
68931
68936
68940
68981
68984
69021
69063
69076
69096
69097
69101
69123
69135
69155
69229
69236
69305
69307
69311
69340
69348
69351
69394
69406
69413
69456
69481
69493
69508
69533
69566
69593
69622
69646
69667
69750
69757
69762
69794
69797
69806
69816
69839
69903
69911
69920
69926
69930
69933
69957
69962
69973
69979
69992
70007
70028
70028
70032
70092
70093
70099
70102
70112
70142
70149
70178
70188
70216
70216
70224
70244
70290
70318
70327
70332
70363
70364
70368
70382
70402
70414
70452
70475
70507
70515
70515
70548
70557
70573
70576
70617
70621
70629
70633
70659
70665
70678
70696
70743
70780
70795
70815
70861
70875
70881
70913
70919
70928
70934
70937
70945
70960
70977
71021
71048
71075
71083
71089
71105
71130
71135
71149
71198
71208
71224
71234
71257
71284
71311
71330
71348
71382
71398
71434
71444
71510
71520
71529
71532
71587
71622
71626
71629
71637
71705
71763
71799
71803
71804
71812
71813
71823
71823
71865
71875
71912
71925
71934
71946
71953
71991
72037
72048
72064
72078
72084
72088
72099
72101
72141
72142
72160
72165
72172
72184
72205
72262
72267
72311
72336
72337
72366
72367
72375
72391
72434
72466
72474
72485
72529
72544
72552
72559
72570
72579
72581
72589
72617
72631
72648
72660
72708
72718
72731
72732
72747
72748
72762
72767
72774
72776
72802
72809
72826
72916
72955
72955
72984
72986
73004
73037
73065
73085
73128
73135
73137
73137
73145
73159
73178
73191
73192
73226
73256
73268
73274
73288
73307
73311
73314
73321
73321
73335
73352
73358
73458
73460
73471
73496
73502
73510
73513
73516
73527
73546
73574
73599
73602
73604
73616
73629
73635
73676
73686
73717
73727
73733
73754
73767
73801
73806
73814
73816
73835
73850
73884
73886
73899
73900
73954
73987
74014
74024
74056
74088
74128
74139
74141
74158
74188
74212
74258
74276
74279
74288
74354
74390
74441
74451
74458
74463
74498
74512
74528
74554
74559
74597
74612
74642
74649
74680
74722
74728
74734
74758
74810
74824
74866
74946
74968
74973
75055
75059
75073
75092
75120
75121
75175
75197
75201
75248
75261
75280
75302
75328
75343
75382
75398
75400
75425
75426
75430
75456
75512
75528
75629
75669
75717
75721
75767
75781
75785
75786
75787
75797
75801
75900
75961
76009
76024
76069
76095
76118
76167
76168
76171
76180
76228
76258
76265
76275
76316
76333
76342
76345
76422
76424
76430
76441
76459
76462
76465
76505
76516
76517
76527
76537
76547
76573
76588
76589
76610
76628
76636
76650
76679
76691
76751
76829
76850
76867
76930
76953
76991
77003
77015
77017
77061
77064
77135
77145
77182
77191
77205
77258
77264
77276
77301
77324
77351
77353
77368
77370
77386
77393
77413
77420
77426
77429
77429
77438
77463
77469
77479
77507
77508
77541
77593
77602
77621
77629
77637
77642
77696
77711
77712
77736
77776
77776
77778
77801
77831
77853
77866
77880
77915
77927
77932
77952
77953
78050
78066
78068
78093
78100
78132
78198
78207
78231
78246
78265
78286
78289
78314
78321
78330
78334
78343
78347
78364
78370
78394
78396
78410
78432
78481
78558
78626
78637
78642
78663
78671
78732
78740
78741
78799
78800
78807
78821
78823
78828
78835
78854
78883
78893
78893
78899
78905
78909
78952
78991
79062
79075
79078
79087
79158
79162
79166
79189
79205
79238
79243
79271
79324
79330
79350
79371
79392
79415
79417
79427
79428
79448
79461
79464
79491
79492
79537
79570
79585
79615
79629
79639
79691
79699
79706
79711
79720
79737
79752
79782
79790
79804
79827
79829
79887
79893
79929
79941
79997
80008
80057
80057
80062
80077
80086
80088
80107
80124
80146
80183
80186
80231
80234
80235
80240
80247
80259
80279
80285
80339
80358
80366
80397
80406
80419
80472
80509
80524
80569
80585
80596
80606
80619
80670
80680
80735
80801
80810
80814
80823
80831
80843
80869
80871
80875
80897
80971
80984
80988
81008
81039
81046
81070
81090
81096
81101
81107
81120
81123
81129
81167
81194
81198
81244
81259
81282
81291
81342
81375
81399
81417
81422
81452
81483
81492
81536
81536
81572
81572
81609
81676
81679
81687
81693
81745
81749
81772
81782
81788
81847
81848
81851
81883
81901
81921
81924
81955
81999
82009
82022
82022
82035
82047
82057
82099
82111
82134
82140
82146
82196
82199
82204
82207
82217
82231
82243
82245
82247
82253
82258
82279
82299
82329
82335
82352
82358
82404
82437
82453
82474
82479
82482
82500
82518
82520
82522
82525
82532
82585
82590
82632
82644
82654
82787
82797
82809
82811
82838
82851
82853
82874
82908
82937
82991
82994
83019
83021
83038
83073
83085
83086
83114
83123
83140
83140
83159
83175
83193
83202
83213
83223
83225
83234
83241
83247
83260
83274
83282
83298
83305
83323
83344
83355
83395
83399
83429
83496
83550
83574
83589
83605
83698
83698
83703
83710
83744
83760
83792
83831
83846
83854
83864
83889
83920
83925
83926
83935
83977
83993
84030
84033
84038
84078
84109
84118
84159
84199
84200
84207
84231
84256
84262
84284
84311
84350
84363
84379
84379
84414
84424
84430
84472
84511
84530
84559
84565
84596
84623
84624
84636
84740
84763
84803
84815
84887
84915
84942
84943
84945
85001
85004
85008
85008
85037
85049
85086
85095
85102
85112
85129
85144
85152
85170
85201
85218
85233
85255
85261
85264
85267
85282
85296
85297
85303
85311
85319
85333
85335
85338
85339
85342
85358
85367
85423
85440
85453
85476
85483
85507
85521
85528
85535
85546
85547
85553
85600
85606
85611
85637
85682
85685
85726
85755
85759
85783
85816
85839
85849
85852
85858
85862
85881
85887
85892
85932
85943
86006
86011
86013
86053
86063
86152
86181
86187
86189
86192
86226
86263
86268
86273
86318
86351
86395
86437
86463
86479
86482
86502
86534
86551
86611
86616
86623
86649
86651
86653
86680
86696
86704
86736
86798
86825
86844
86860
86887
86935
86948
86949
86957
86959
86964
86985
87019
87052
87059
87138
87148
87198
87201
87213
87216
87232
87236
87242
87259
87307
87319
87330
87338
87361
87402
87406
87412
87435
87477
87498
87560
87569
87581
87591
87591
87611
87616
87626
87641
87655
87672
87712
87716
87717
87718
87735
87737
87757
87776
87782
87804
87805
87812
87813
87832
87911
87928
87950
87952
87981
87991
88009
88012
88015
88023
88039
88072
88088
88110
88169
88178
88184
88192
88225
88252
88277
88310
88343
88356
88362
88385
88389
88393
88410
88416
88505
88521
88535
88544
88545
88570
88710
88731
88762
88765
88777
88780
88786
88807
88829
88843
88851
88852
88857
88872
88925
88931
88948
88972
88995
89030
89050
89053
89054
89109
89124
89138
89165
89180
89202
89239
89247
89248
89259
89308
89309
89313
89317
89328
89354
89400
89401
89408
89413
89470
89471
89499
89549
89556
89557
89602
89618
89623
89635
89654
89659
89660
89672
89678
89679
89690
89692
89735
89773
89877
89913
89947
89950
89970
90000
90003
90037
90051
90057
90076
90095
90133
90135
90173
90174
90210
90240
90245
90247
90260
90272
90288
90303
90308
90341
90343
90416
90433
90439
90444
90453
90467
90469
90519
90521
90533
90554
90558
90564
90567
90583
90612
90624
90647
90677
90719
90749
90761
90798
90803
90827
90837
90859
90870
90880
90899
90925
90958
90961
90991
90995
90999
91021
91027
91053
91055
91065
91065
91075
91083
91086
91159
91166
91171
91173
91192
91224
91228
91266
91269
91286
91345
91348
91358
91364
91405
91438
91486
91491
91498
91509
91561
91602
91655
91665
91683
91683
91749
91761
91779
91811
91820
91836
91881
91895
91918
91937
91955
91956
91989
91999
92007
92021
92024
92033
92067
92105
92105
92108
92137
92142
92148
92150
92203
92211
92239
92280
92323
92337
92341
92385
92411
92451
92462
92474
92476
92538
92575
92696
92735
92749
92756
92789
92805
92832
92881
92894
92905
92906
92908
92908
92912
92917
92972
92975
92994
93045
93050
93085
93102
93123
93127
93134
93169
93179
93225
93241
93304
93328
93337
93342
93359
93428
93471
93475
93486
93536
93547
93572
93604
93608
93656
93679
93694
93703
93708
93741
93750
93754
93788
93789
93838
93850
93862
93892
93979
94027
94028
94035
94041
94043
94056
94087
94099
94104
94108
94129
94141
94146
94172
94231
94237
94247
94261
94443
94448
94455
94473
94498
94500
94501
94512
94538
94570
94631
94634
94637
94655
94708
94720
94770
94790
94819
94822
94841
94872
94884
94894
94907
94946
94984
94990
94992
95010
95024
95077
95088
95105
95129
95154
95205
95221
95223
95225
95271
95297
95329
95341
95345
95363
95388
95401
95417
95418
95431
95436
95459
95489
95510
95527
95583
95595
95650
95657
95660
95662
95667
95681
95684
95695
95721
95768
95793
95860
95871
95887
95888
95896
95908
95910
95912
95926
95936
95939
95957
95982
96017
96027
96049
96075
96081
96103
96108
96131
96150
96150
96200
96214
96238
96294
96301
96311
96338
96356
96395
96395
96425
96433
96435
96450
96477
96480
96483
96485
96491
96543
96554
96605
96614
96621
96638
96669
96670
96692
96707
96729
96844
96846
96856
96881
96883
96937
96940
96951
96963
96984
97008
97037
97068
97069
97080
97085
97125
97135
97135
97185
97192
97202
97212
97226
97231
97260
97306
97355
97357
97359
97414
97415
97442
97450
97517
97551
97568
97570
97584
97585
97587
97596
97670
97677
97706
97720
97736
97737
97742
97764
97773
97775
97780
97787
97806
97820
97821
97839
97856
97862
97903
97903
97945
98033
98051
98051
98054
98059
98062
98103
98104
98107
98197
98210
98210
98228
98265
98279
98281
98290
98302
98315
98355
98364
98373
98398
98426
98439
98450
98451
98459
98465
98472
98473
98483
98496
98496
98510
98510
98530
98569
98578
98592
98604
98624
98625
98626
98637
98650
98667
98709
98724
98753
98769
98779
98781
98798
98807
98837
98871
98880
98884
98894
98899
98900
98905
98958
99019
99020
99030
99053
99075
99096
99116
99134
99147
99157
99190
99247
99268
99314
99326
99411
99414
99417
99432
99447
99448
99542
99589
99612
99630
99670
99746
99749
99767
99769
99811
99820
99828
99845
99984