99984
99845
99828
99820
99811
99769
99767
99749
99746
99670
99630
99612
99589
99542
99448
99447
99432
99417
99414
99411
99326
99314
99268
99247
99190
99157
99147
99134
99116
99096
99075
99053
99030
99020
99019
98958
98905
98900
98899
98894
98884
98880
98871
98837
98807
98798
98781
98779
98769
98753
98724
98709
98667
98650
98637
98626
98625
98624
98604
98592
98578
98569
98530
98510
98510
98496
98496
98483
98473
98472
98465
98459
98451
98450
98439
98426
98398
98373
98364
98355
98315
98302
98290
98281
98279
98265
98228
98210
98210
98197
98107
98104
98103
98062
98059
98054
98051
98051
98033
97945
97903
97903
97862
97856
97839
97821
97820
97806
97787
97780
97775
97773
97764
97742
97737
97736
97720
97706
97677
97670
97596
97587
97585
97584
97570
97568
97551
97517
97450
97442
97415
97414
97359
97357
97355
97306
97260
97231
97226
97212
97202
97192
97185
97135
97135
97125
97085
97080
97069
97068
97037
97008
96984
96963
96951
96940
96937
96883
96881
96856
96846
96844
96729
96707
96692
96670
96669
96638
96621
96614
96605
96554
96543
96491
96485
96483
96480
96477
96450
96435
96433
96425
96395
96395
96356
96338
96311
96301
96294
96238
96214
96200
96150
96150
96131
96108
96103
96081
96075
96049
96027
96017
95982
95957
95939
95936
95926
95912
95910
95908
95896
95888
95887
95871
95860
95793
95768
95721
95695
95684
95681
95667
95662
95660
95657
95650
95595
95583
95527
95510
95489
95459
95436
95431
95418
95417
95401
95388
95363
95345
95341
95329
95297
95271
95225
95223
95221
95205
95154
95129
95105
95088
95077
95024
95010
94992
94990
94984
94946
94907
94894
94884
94872
94841
94822
94819
94790
94770
94720
94708
94655
94637
94634
94631
94570
94538
94512
94501
94500
94498
94473
94455
94448
94443
94261
94247
94237
94231
94172
94146
94141
94129
94108
94104
94099
94087
94056
94043
94041
94035
94028
94027
93979
93892
93862
93850
93838
93789
93788
93754
93750
93741
93708
93703
93694
93679
93656
93608
93604
93572
93547
93536
93486
93475
93471
93428
93359
93342
93337
93328
93304
93241
93225
93179
93169
93134
93127
93123
93102
93085
93050
93045
92994
92975
92972
92917
92912
92908
92908
92906
92905
92894
92881
92832
92805
92789
92756
92749
92735
92696
92575
92538
92476
92474
92462
92451
92411
92385
92341
92337
92323
92280
92239
92211
92203
92150
92148
92142
92137
92108
92105
92105
92067
92033
92024
92021
92007
91999
91989
91956
91955
91937
91918
91895
91881
91836
91820
91811
91779
91761
91749
91683
91683
91665
91655
91602
91561
91509
91498
91491
91486
91438
91405
91364
91358
91348
91345
91286
91269
91266
91228
91224
91192
91173
91171
91166
91159
91086
91083
91075
91065
91065
91055
91053
91027
91021
90999
90995
90991
90961
90958
90925
90899
90880
90870
90859
90837
90827
90803
90798
90761
90749
90719
90677
90647
90624
90612
90583
90567
90564
90558
90554
90533
90521
90519
90469
90467
90453
90444
90439
90433
90416
90343
90341
90308
90303
90288
90272
90260
90247
90245
90240
90210
90174
90173
90135
90133
90095
90076
90057
90051
90037
90003
90000
89970
89950
89947
89913
89877
89773
89735
89692
89690
89679
89678
89672
89660
89659
89654
89635
89623
89618
89602
89557
89556
89549
89499
89471
89470
89413
89408
89401
89400
89354
89328
89317
89313
89309
89308
89259
89248
89247
89239
89202
89180
89165
89138
89124
89109
89054
89053
89050
89030
88995
88972
88948
88931
88925
88872
88857
88852
88851
88843
88829
88807
88786
88780
88777
88765
88762
88731
88710
88570
88545
88544
88535
88521
88505
88416
88410
88393
88389
88385
88362
88356
88343
88310
88277
88252
88225
88192
88184
88178
88169
88110
88088
88072
88039
88023
88015
88012
88009
87991
87981
87952
87950
87928
87911
87832
87813
87812
87805
87804
87782
87776
87757
87737
87735
87718
87717
87716
87712
87672
87655
87641
87626
87616
87611
87591
87591
87581
87569
87560
87498
87477
87435
87412
87406
87402
87361
87338
87330
87319
87307
87259
87242
87236
87232
87216
87213
87201
87198
87148
87138
87059
87052
87019
86985
86964
86959
86957
86949
86948
86935
86887
86860
86844
86825
86798
86736
86704
86696
86680
86653
86651
86649
86623
86616
86611
86551
86534
86502
86482
86479
86463
86437
86395
86351
86318
86273
86268
86263
86226
86192
86189
86187
86181
86152
86063
86053
86013
86011
86006
85943
85932
85892
85887
85881
85862
85858
85852
85849
85839
85816
85783
85759
85755
85726
85685
85682
85637
85611
85606
85600
85553
85547
85546
85535
85528
85521
85507
85483
85476
85453
85440
85423
85367
85358
85342
85339
85338
85335
85333
85319
85311
85303
85297
85296
85282
85267
85264
85261
85255
85233
85218
85201
85170
85152
85144
85129
85112
85102
85095
85086
85049
85037
85008
85008
85004
85001
84945
84943
84942
84915
84887
84815
84803
84763
84740
84636
84624
84623
84596
84565
84559
84530
84511
84472
84430
84424
84414
84379
84379
84363
84350
84311
84284
84262
84256
84231
84207
84200
84199
84159
84118
84109
84078
84038
84033
84030
83993
83977
83935
83926
83925
83920
83889
83864
83854
83846
83831
83792
83760
83744
83710
83703
83698
83698
83605
83589
83574
83550
83496
83429
83399
83395
83355
83344
83323
83305
83298
83282
83274
83260
83247
83241
83234
83225
83223
83213
83202
83193
83175
83159
83140
83140
83123
83114
83086
83085
83073
83038
83021
83019
82994
82991
82937
82908
82874
82853
82851
82838
82811
82809
82797
82787
82654
82644
82632
82590
82585
82532
82525
82522
82520
82518
82500
82482
82479
82474
82453
82437
82404
82358
82352
82335
82329
82299
82279
82258
82253
82247
82245
82243
82231
82217
82207
82204
82199
82196
82146
82140
82134
82111
82099
82057
82047
82035
82022
82022
82009
81999
81955
81924
81921
81901
81883
81851
81848
81847
81788
81782
81772
81749
81745
81693
81687
81679
81676
81609
81572
81572
81536
81536
81492
81483
81452
81422
81417
81399
81375
81342
81291
81282
81259
81244
81198
81194
81167
81129
81123
81120
81107
81101
81096
81090
81070
81046
81039
81008
80988
80984
80971
80897
80875
80871
80869
80843
80831
80823
80814
80810
80801
80735
80680
80670
80619
80606
80596
80585
80569
80524
80509
80472
80419
80406
80397
80366
80358
80339
80285
80279
80259
80247
80240
80235
80234
80231
80186
80183
80146
80124
80107
80088
80086
80077
80062
80057
80057
80008
79997
79941
79929
79893
79887
79829
79827
79804
79790
79782
79752
79737
79720
79711
79706
79699
79691
79639
79629
79615
79585
79570
79537
79492
79491
79464
79461
79448
79428
79427
79417
79415
79392
79371
79350
79330
79324
79271
79243
79238
79205
79189
79166
79162
79158
79087
79078
79075
79062
78991
78952
78909
78905
78899
78893
78893
78883
78854
78835
78828
78823
78821
78807
78800
78799
78741
78740
78732
78671
78663
78642
78637
78626
78558
78481
78432
78410
78396
78394
78370
78364
78347
78343
78334
78330
78321
78314
78289
78286
78265
78246
78231
78207
78198
78132
78100
78093
78068
78066
78050
77953
77952
77932
77927
77915
77880
77866
77853
77831
77801
77778
77776
77776
77736
77712
77711
77696
77642
77637
77629
77621
77602
77593
77541
77508
77507
77479
77469
77463
77438
77429
77429
77426
77420
77413
77393
77386
77370
77368
77353
77351
77324
77301
77276
77264
77258
77205
77191
77182
77145
77135
77064
77061
77017
77015
77003
76991
76953
76930
76867
76850
76829
76751
76691
76679
76650
76636
76628
76610
76589
76588
76573
76547
76537
76527
76517
76516
76505
76465
76462
76459
76441
76430
76424
76422
76345
76342
76333
76316
76275
76265
76258
76228
76180
76171
76168
76167
76118
76095
76069
76024
76009
75961
75900
75801
75797
75787
75786
75785
75781
75767
75721
75717
75669
75629
75528
75512
75456
75430
75426
75425
75400
75398
75382
75343
75328
75302
75280
75261
75248
75201
75197
75175
75121
75120
75092
75073
75059
75055
74973
74968
74946
74866
74824
74810
74758
74734
74728
74722
74680
74649
74642
74612
74597
74559
74554
74528
74512
74498
74463
74458
74451
74441
74390
74354
74288
74279
74276
74258
74212
74188
74158
74141
74139
74128
74088
74056
74024
74014
73987
73954
73900
73899
73886
73884
73850
73835
73816
73814
73806
73801
73767
73754
73733
73727
73717
73686
73676
73635
73629
73616
73604
73602
73599
73574
73546
73527
73516
73513
73510
73502
73496
73471
73460
73458
73358
73352
73335
73321
73321
73314
73311
73307
73288
73274
73268
73256
73226
73192
73191
73178
73159
73145
73137
73137
73135
73128
73085
73065
73037
73004
72986
72984
72955
72955
72916
72826
72809
72802
72776
72774
72767
72762
72748
72747
72732
72731
72718
72708
72660
72648
72631
72617
72589
72581
72579
72570
72559
72552
72544
72529
72485
72474
72466
72434
72391
72375
72367
72366
72337
72336
72311
72267
72262
72205
72184
72172
72165
72160
72142
72141
72101
72099
72088
72084
72078
72064
72048
72037
71991
71953
71946
71934
71925
71912
71875
71865
71823
71823
71813
71812
71804
71803
71799
71763
71705
71637
71629
71626
71622
71587
71532
71529
71520
71510
71444
71434
71398
71382
71348
71330
71311
71284
71257
71234
71224
71208
71198
71149
71135
71130
71105
71089
71083
71075
71048
71021
70977
70960
70945
70937
70934
70928
70919
70913
70881
70875
70861
70815
70795
70780
70743
70696
70678
70665
70659
70633
70629
70621
70617
70576
70573
70557
70548
70515
70515
70507
70475
70452
70414
70402
70382
70368
70364
70363
70332
70327
70318
70290
70244
70224
70216
70216
70188
70178
70149
70142
70112
70102
70099
70093
70092
70032
70028
70028
70007
69992
69979
69973
69962
69957
69933
69930
69926
69920
69911
69903
69839
69816
69806
69797
69794
69762
69757
69750
69667
69646
69622
69593
69566
69533
69508
69493
69481
69456
69413
69406
69394
69351
69348
69340
69311
69307
69305
69236
69229
69155
69135
69123
69101
69097
69096
69076
69063
69021
68984
68981
68940
68936
68931
68898
68884
68884
68850
68837
68823
68802
68726
68698
68689
68678
68663
68636
68612
68605
68592
68577
68558
68522
68519
68500
68472
68468
68454
68441
68437
68337
68320
68302
68290
68247
68246
68240
68236
68229
68216
68208
68191
68160
68146
68139
68131
68076
68031
68017
68012
67987
67985
67969
67953
67934
67932
67908
67877
67859
67856
67830
67804
67739
67720
67650
67635
67630
67599
67582
67559
67553
67519
67484
67469
67463
67458
67395
67392
67390
67369
67315
67295
67274
67270
67258
67239
67237
67214
67189
67185
67144
67142
67139
67138
67131
67128
67116
67097
67088
67067
67056
67054
67046
67043
67015
67007
66987
66962
66958
66953
66923
66923
66917
66896
66879
66826
66824
66801
66786
66740
66733
66726
66723
66722
66722
66683
66677
66671
66656
66627
66602
66587
66582
66574
66570
66565
66538
66522
66509
66500
66491
66491
66489
66484
66479
66472
66464
66460
66452
66440
66387
66376
66369
66348
66336
66332
66323
66310
66292
66289
66202
66200
66148
66126
66121
66120
66112
66091
66083
66028
66026
65999
65957
65934
65934
65934
65932
65931
65914
65889
65889
65781
65771
65763
65762
65753
65749
65742
65733
65728
65713
65691
65680
65638
65558
65548
65545
65540
65525
65515
65482
65468
65465
65425
65405
65402
65388
65366
65282
65241
65239
65230
65219
65204
65203
65128
65114
65106
65094
65088
65082
65067
64963
64958
64939
64830
64809
64788
64781
64777
64770
64730
64721
64696
64691
64646
64628
64626
64623
64619
64616
64575
64573
64490
64487
64469
64464
64431
64429
64379
64367
64361
64338
64334
64315
64297
64268
64251
64251
64243
64241
64214
64209
64194
64144
64124
64098
64090
64083
64080
64054
64046
64009
63934
63925
63893
63885
63882
63818
63779
63772
63766
63754
63717
63678
63675
63664
63660
63659
63659
63653
63619
63604
63585
63575
63574
63567
63566
63551
63548
63528
63509
63501
63501
63498
63445
63444
63440
63409
63399
63380
63350
63336
63302
63290
63279
63260
63215
63199
63171
63161
63159
63094
63081
63059
63032
63031
63014
62992
62961
62921
62889
62817
62812
62797
62780
62746
62724
62709
62699
62698
62683
62665
62634
62600
62561
62519
62518
62496
62481
62468
62446
62401
62384
62339
62328
62318
62316
62313
62304
62301
62297
62276
62276
62272
62267
62255
62225
62223
62191
62158
62144
62142
62141
62111
62103
62076
62071
62052
62030
62029
62017
61994
61976
61946
61925
61885
61878
61877
61867
61845
61814
61789
61782
61775
61773
61736
61727
61712
61701
61687
61636
61632
61625
61598
61573
61556
61551
61539
61528
61510
61479
61471
61463
61453
61433
61422
61413
61410
61385
61377
61373
61311
61293
61261
61213
61181
61155
61134
61124
61122
61077
60965
60951
60949
60944
60930
60921
60917
60914
60885
60870
60850
60830
60823
60763
60760
60660
60620
60610
60610
60596
60584
60549
60537
60501
60496
60451
60416
60371
60365
60365
60355
60353
60353
60351
60286
60237
60222
60211
60207
60199
60131
60122
60113
60103
60101
60064
60053
60036
59991
59977
59939
59931
59929
59903
59887
59829
59776
59765
59731
59676
59655
59652
59640
59628
59622
59613
59609
59602
59601
59578
59533
59531
59523
59519
59501
59496
59486
59481
59480
59479
59473
59472
59448
59443
59436
59422
59414
59404
59344
59338
59328
59318
59315
59311
59297
59296
59290
59278
59276
59256
59240
59207
59113
59068
59059
59031
59026
58990
58937
58898
58886
58883
58868
58856
58820
58819
58812
58812
58795
58778
58706
58705
58688
58672
58653
58598
58573
58524
58413
58380
58372
58365
58348
58332
58275
58219
58195
58173
58161
58158
58131
58127
58119
58087
58068
58055
57985
57977
57931
57910
57761
57734
57729
57713
57698
57671
57625
57612
57610
57601
57588
57583
57573
57543
57522
57519
57501
57476
57474
57473
57460
57342
57337
57337
57306
57305
57301
57280
57247
57242
57211
57209
57195
57183
57153
57139
57128
57093
57093
57073
57035
56922
56897
56862
56852
56831
56810
56736
56725
56691
56687
56649
56646
56646
56596
56559
56542
56524
56504
56498
56489
56480
56411
56400
56397
56381
56381
56352
56306
56299
56296
56282
56206
56200
56193
56149
56127
56106
56098
56087
56065
56016
56006
56004
55979
55971
55935
55933
55920
55874
55856
55852
55826
55807
55799
55753
55740
55698
55676
55632
55606
55601
55580
55558
55556
55515
55483
55466
55440
55422
55388
55356
55274
55261
55253
55241
55240
55202
55195
55133
55108
55097
55089
55087
55073
55034
54992
54973
54972
54968
54963
54923
54879
54858
54829
54827
54779
54746
54745
54736
54705
54701
54687
54681
54673
54661
54653
54637
54636
54588
54553
54508
54502
54478
54446
54416
54415
54402
54377
54355
54355
54352
54348
54338
54335
54320
54320
54305
54268
54259
54257
54218
54216
54214
54212
54204
54200
54156
54151
54144
54117
54108
54039
54005
53996
53988
53949
53919
53870
53869
53856
53840
53832
53817
53801
53800
53790
53738
53725
53687
53685
53673
53668
53656
53653
53623
53619
53616
53615
53610
53591
53570
53567
53529
53496
53490
53446
53421
53415
53410
53400
53350
53322
53317
53261
53259
53229
53212
53186
53161
53159
53102
53101
53080
53034
53030
53011
53001
52975
52965
52963
52945
52939
52938
52903
52902
52897
52893
52854
52849
52827
52806
52770
52755
52746
52678
52674
52663
52612
52590
52521
52437
52389
52379
52375
52366
52357
52343
52335
52317
52299
52294
52283
52281
52262
52257
52234
52208
52173
52173
52167
52158
52147
52140
52127
52104
52048
52021
52012
51976
51941
51898
51863
51846
51834
51833
51832
51781
51770
51715
51714
51685
51669
51630
51591
51588
51521
51494
51476
51472
51463
51429
51426
51394
51392
51389
51346
51287
51279
51219
51192
51183
51181
51160
51139
51129
51107
51100
51070
51062
51038
51017
50962
50889
50882
50858
50846
50836
50817
50816
50789
50765
50737
50734
50716
50714
50687
50684
50680
50677
50663
50577
50537
50533
50519
50515
50501
50491
50485
50474
50438
50438
50433
50415
50407
50395
50325
50321
50307
50283
50177
50138
50118
50110
50089
49986
49979
49977
49968
49956
49953
49940
49931
49886
49865
49856
49853
49815
49796
49790
49770
49769
49769
49762
49758
49715
49673
49669
49646
49645
49641
49630
49628
49606
49605
49593
49589
49567
49553
49514
49510
49489
49480
49459
49456
49448
49427
49412
49390
49383
49374
49345
49317
49303
49302
49300
49248
49235
49161
49155
49121
49101
49097
49097
49072
49050
49015
49015
49002
48962
48958
48952
48915
48874
48855
48850
48843
48835
48835
48812
48786
48763
48687
48668
48660
48658
48643
48625
48614
48606
48559
48546
48528
48482
48468
48439
48439
48434
48428
48422
48352
48322
48316
48308
48297
48285
48243
48234
48176
48175
48150
48130
48083
48047
48043
48042
48012
48005
48003
47989
47977
47963
47944
47940
47919
47882
47870
47855
47841
47785
47776
47738
47685
47675
47666
47648
47577
47576
47553
47546
47544
47538
47527
47523
47510
47491
47488
47459
47384
47369
47361
47314
47297
47297
47288
47275
47271
47260
47229
47177
47099
47095
47089
47079
47066
47060
47059
47036
47011
47001
46994
46989
46972
46953
46939
46934
46906
46906
46878
46804
46776
46755
46743
46700
46694
46687
46652
46631
46617
46582
46574
46457
46439
46410
46337
46335
46321
46302
46286
46212
46137
46119
46118
46106
46103
46098
46074
46057
46028
46026
46026
46011
45980
45966
45956
45887
45862
45814
45810
45784
45777
45775
45771
45761
45735
45720
45683
45676
45634
45627
45608
45580
45534
45525
45516
45500
45489
45480
45458
45430
45425
45416
45405
45384
45336
45277
45239
45238
45233
45210
45203
45188
45137
45094
45057
45056
44997
44950
44921
44910
44910
44846
44832
44816
44802
44749
44745
44710
44702
44663
44642
44637
44636
44619
44609
44608
44581
44559
44557
44531
44501
44496
44490
44488
44485
44456
44419
44397
44396
44351
44329
44326
44321
44290
44225
44209
44201
44200
44194
44170
44145
44130
44130
44122
44089
44070
44069
44040
44017
44011
43994
43992
43973
43967
43961
43951
43945
43923
43922
43919
43861
43841
43829
43827
43819
43810
43773
43762
43762
43744
43731
43721
43683
43581
43573
43565
43491
43465
43433
43425
43421
43410
43373
43366
43319
43301
43288
43285
43249
43238
43217
43171
43156
43119
43085
43081
43080
43065
43029
43009
42993
42960
42936
42935
42931
42900
42853
42850
42847
42785
42783
42779
42739
42724
42723
42702
42689
42672
42665
42639
42632
42631
42618
42605
42588
42571
42537
42532
42529
42490
42471
42465
42384
42382
42371
42316
42310
42279
42260
42254
42170
42141
42136
42122
42121
42099
42085
42062
42036
42019
42005
42003
42001
41993
41978
41977
41966
41957
41955
41935
41874
41823
41786
41772
41749
41741
41739
41731
41724
41698
41684
41681
41675
41625
41619
41618
41604
41604
41572
41452
41441
41431
41431
41430
41415
41350
41294
41270
41264
41239
41226
41215
41214
41191
41175
41167
41161
41150
41104
41092
41066
41037
41036
40995
40985
40951
40848
40842
40822
40803
40717
40699
40691
40690
40685
40683
40681
40620
40543
40514
40500
40497
40474
40467
40441
40424
40421
40416
40414
40412
40353
40330
40192
40171
40157
40111
40075
40071
40053
40050
40043
40023
40001
39997
39994
39947
39945
39899
39891
39891
39885
39882
39854
39831
39830
39815
39792
39779
39773
39765
39695
39686
39669
39639
39611
39602
39602
39587
39585
39551
39517
39476
39476
39462
39428
39417
39402
39397
39315
39285
39279
39262
39253
39247
39193
39191
39171
39132
39125
39081
39080
39071
39052
39020
39009
38993
38975
38962
38949
38945
38943
38923
38903
38889
38855
38848
38847
38811
38809
38796
38796
38789
38757
38636
38600
38577
38535
38521
38504
38463
38461
38457
38452
38438
38410
38390
38345
38310
38310
38270
38192
38183
38142
38128
38091
38089
38030
38029
38003
37966
37955
37937
37904
37867
37856
37810
37809
37780
37780
37764
37752
37741
37712
37706
37698
37668
37637
37565
37564
37462
37413
37404
37354
37353
37332
37310
37303
37278
37278
37257
37257
37250
37235
37203
37194
37194
37151
37094
37083
37055
37052
37051
37048
36959
36949
36933
36905
36850
36838
36834
36825
36816
36788
36775
36761
36751
36676
36661
36660
36642
36567
36537
36537
36525
36489
36485
36448
36430
36418
36412
36400
36378
36368
36366
36355
36308
36300
36288
36275
36220
36154
36124
36108
36091
36078
36052
36032
35995
35985
35950
35935
35926
35839
35784
35733
35702
35665
35657
35641
35628
35620
35619
35593
35556
35519
35450
35428
35401
35397
35311
35279
35257
35247
35239
35222
35218
35169
35089
35086
35076
35075
35023
35005
34960
34922
34904
34893
34889
34888
34859
34858
34856
34840
34804
34785
34782
34762
34739
34738
34682
34668
34662
34641
34629
34627
34612
34601
34594
34584
34561
34541
34501
34471
34430
34419
34411
34331
34320
34308
34299
34297
34287
34278
34258
34237
34237
34193
34187
34168
34151
34144
34144
34134
34133
34111
34017
34011
34001
33999
33976
33954
33950
33926
33872
33865
33846
33809
33786
33784
33780
33771
33739
33702
33692
33685
33680
33599
33592
33587
33567
33562
33541
33533
33523
33498
33483
33450
33446
33427
33427
33383
33372
33290
33282
33270
33264
33256
33250
33192
33192
33192
33168
33160
33147
33123
33118
33103
33030
33029
33014
33007
33006
33003
32997
32975
32969
32966
32888
32874
32860
32830
32829
32825
32815
32808
32730
32686
32684
32675
32666
32664
32647
32587
32584
32551
32448
32436
32415
32413
32396
32387
32381
32378
32377
32360
32353
32335
32297
32241
32233
32227
32224
32183
32154
32150
32132
32131
32128
32106
32103
32102
32050
32025
32000
31970
31966
31964
31925
31918
31918
31913
31901
31874
31872
31863
31836
31813
31811
31745
31733
31725
31718
31715
31697
31685
31676
31663
31660
31650
31609
31609
31572
31551
31525
31475
31458
31453
31419
31417
31402
31402
31398
31367
31353
31328
31300
31298
31269
31258
31257
31242
31236
31225
31222
31208
31127
31116
31089
31077
31075
31072
30987
30971
30965
30961
30955
30901
30896
30888
30881
30855
30855
30835
30818
30799
30726
30718
30699
30695
30683
30618
30611
30600
30598
30594
30589
30589
30583
30572
30569
30548
30546
30524
30512
30494
30492
30438
30400
30400
30384
30340
30308
30290
30230
30228
30208
30194
30178
30168
30158
30020
29951
29900
29864
29848
29827
29825
29815
29806
29787
29774
29752
29730
29706
29650
29648
29625
29582
29570
29534
29521
29469
29464
29442
29424
29402
29345
29344
29334
29291
29272
29242
29234
29232
29218
29214
29132
29127
29123
29119
29115
29108
29102
29077
29076
29073
29069
29037
29035
29010
28982
28955
28953
28939
28938
28893
28886
28866
28793
28776
28766
28757
28749
28745
28738
28735
28679
28678
28669
28664
28659
28654
28604
28594
28587
28564
28552
28536
28522
28506
28502
28437
28430
28418
28404
28396
28379
28377
28354
28348
28315
28287
28273
28272
28242
28237
28142
28137
28135
28119
28115
28070
28038
28011
27927
27880
27879
27878
27861
27841
27835
27794
27768
27715
27709
27682
27678
27660
27658
27645
27638
27627
27594
27578
27566
27557
27548
27527
27517
27486
27476
27463
27449
27445
27434
27416
27391
27374
27356
27355
27348
27320
27294
27282
27229
27202
27176
27176
27155
27152
27138
27130
27090
27078
27069
27042
27038
27029
26996
26948
26879
26873
26864
26832
26787
26772
26751
26749
26742
26739
26713
26709
26709
26701
26687
26667
26655
26639
26619
26609
26595
26581
26573
26567
26523
26509
26504
26496
26483
26483
26481
26323
26269
26261
26259
26255
26232
26229
26224
26163
26161
26116
26112
26107
26106
26090
26068
26067
26064
26051
26032
26028
26009
26006
25986
25943
25942
25924
25922
25916
25871
25870
25800
25786
25777
25752
25724
25713
25704
25657
25654
25629
25582
25541
25518
25512
25466
25451
25448
25405
25400
25390
25384
25345
25342
25337
25320
25316
25308
25264
25223
25197
25196
25180
25147
25106
25106
25093
25081
25079
25069
25058
25031
25027
24997
24985
24949
24933
24893
24880
24870
24779
24777
24777
24726
24717
24715
24667
24645
24601
24596
24590
24574
24549
24517
24493
24428
24417
24400
24372
24354
24348
24296
24287
24197
24184
24175
24136
24124
24111
24100
24097
24011
24001
23980
23972
23966
23965
23948
23942
23917
23889
23827
23822
23806
23764
23759
23757
23724
23722
23693
23662
23634
23624
23605
23541
23540
23522
23508
23497
23468
23467
23462
23419
23418
23417
23377
23325
23325
23313
23297
23287
23210
23196
23159
23141
23121
23096
23095
23068
23060
23041
23023
23020
23006
22994
22939
22926
22865
22827
22824
22812
22803
22789
22758
22754
22722
22704
22693
22689
22672
22666
22664
22640
22634
22629
22621
22590
22583
22563
22556
22555
22549
22525
22501
22489
22483
22448
22440
22423
22383
22382
22334
22298
22270
22263
22180
22167
22166
22164
22137
22126
22125
22104
22089
22075
22066
22045
21942
21929
21917
21916
21899
21865
21863
21819
21718
21682
21680
21669
21640
21634
21613
21607
21589
21583
21547
21540
21504
21424
21404
21397
21383
21325
21322
21300
21293
21288
21282
21280
21272
21240
21190
21183
21137
21108
21083
21045
21010
21009
20976
20975
20970
20948
20921
20920
20903
20855
20854
20825
20820
20814
20804
20778
20777
20771
20766
20687
20634
20605
20565
20553
20546
20535
20530
20524
20500
20494
20494
20480
20467
20421
20396
20377
20298
20247
20201
20184
20150
20146
20145
20108
20056
20051
20049
20039
20023
20009
19995
19991
19963
19944
19940
19933
19932
19914
19914
19911
19887
19877
19872
19869
19864
19854
19809
19788
19784
19763
19746
19733
19717
19676
19674
19666
19644
19626
19611
19609
19589
19583
19556
19542
19542
19523
19487
19436
19360
19327
19273
19269
19224
19180
19162
19149
19145
19114
19104
19038
19006
18973
18970
18942
18936
18902
18898
18880
18800
18797
18761
18745
18736
18711
18706
18703
18682
18646
18618
18608
18600
18592
18576
18575
18574
18573
18547
18531
18519
18502
18484
18468
18443
18405
18397
18365
18359
18319
18268
18265
18264
18241
18241
18231
18216
18212
18191
18189
18180
18178
18141
18126
18063
18028
18001
17986
17936
17924
17911
17909
17900
17894
17890
17850
17837
17831
17793
17778
17773
17762
17690
17687
17666
17658
17640
17636
17602
17595
17574
17572
17566
17459
17443
17415
17409
17399
17367
17343
17325
17248
17246
17234
17207
17190
17169
17158
17154
17152
17138
17138
17137
17117
17117
17117
17033
17031
17012
16979
16970
16964
16958
16904
16900
16883
16883
16879
16868
16865
16856
16853
16815
16807
16793
16790
16783
16746
16739
16734
16698
16688
16662
16625
16623
16599
16579
16512
16511
16492
16471
16453
16430
16237
16226
16211
16196
16165
16157
16152
16095
16089
16081
16070
16069
16045
16027
15924
15919
15825
15811
15807
15804
15800
15784
15783
15773
15758
15758
15711
15702
15696
15686
15659
15648
15642
15627
15614
15608
15589
15587
15565
15553
15545
15534
15518
15504
15483
15427
15417
15416
15396
15389
15389
15372
15369
15344
15326
15317
15256
15234
15205
15205
15179
15170
15169
15165
15155
15150
15133
15089
15046
15045
15039
14984
14933
14910
14902
14899
14884
14865
14825
14762
14734
14728
14692
14684
14655
14640
14618
14600
14597
14570
14527
14496
14488
14484
14482
14465
14393
14382
14351
14348
14347
14293
14293
14272
14265
14233
14232
14219
14219
14215
14177
14159
14144
14123
14113
14097
14093
14084
14026
14016
14008
13999
13978
13942
13875
13803
13775
13754
13746
13714
13686
13682
13656
13641
13630
13596
13596
13587
13558
13541
13537
13533
13508
13499
13495
13491
13488
13432
13370
13368
13365
13362
13342
13293
13289
13266
13259
13247
13217
13213
13212
13202
13183
13175
13160
13148
13144
13141
13114
13102
13071
13066
13066
13061
13059
13049
13036
13032
13008
12988
12981
12967
12929
12826
12820
12795
12787
12775
12761
12747
12702
12695
12656
12642
12613
12593
12524
12482
12451
12444
12435
12415
12371
12361
12358
12353
12330
12325
12314
12285
12281
12275
12268
12240
12238
12181
12167
12149
12130
12130
12114
12102
12101
12085
12082
12077
12069
12034
12018
11997
11978
11902
11890
11850
11844
11800
11798
11798
11778
11769
11747
11690
11625
11616
11605
11599
11586
11568
11568
11551
11522
11522
11504
11491
11423
11347
11344
11337
11325
11325
11271
11266
11265
11247
11234
11194
11172
11168
11140
11072
11029
11016
11003
10996
10978
10975
10964
10871
10849
10817
10808
10758
10737
10723
10675
10634
10607
10574
10530
10518
10512
10478
10462
10455
10426
10408
10389
10380
10375
10355
10293
10261
10244
10230
10196
10195
10169
10166
10156
10151
10149
10138
10112
10015
10014
10007
9984
9940
9938
9930
9920
9901
9888
9885
9885
9851
9838
9779
9773
9733
9715
9712
9684
9672
9669
9620
9584
9580
9547
9541
9522
9516
9506
9493
9484
9471
9459
9449
9446
9419
9413
9357
9355
9342
9291
9289
9285
9276
9265
9204
9184
9170
9163
9154
9119
9102
9100
9070
9045
9032
9029
9027
8974
8959
8943
8927
8923
8903
8891
8883
8876
8873
8832
8830
8800
8773
8764
8756
8719
8709
8702
8680
8569
8465
8447
8443
8439
8424
8402
8375
8341
8329
8299
8265
8248
8224
8206
8188
8156
8131
8125
8124
8087
8054
8024
8016
7992
7988
7957
7915
7913
7886
7883
7865
7788
7753
7736
7724
7724
7712
7700
7699
7679
7675
7663
7658
7592
7539
7528
7497
7485
7452
7435
7435
7421
7416
7415
7359
7359
7353
7305
7304
7303
7285
7256
7203
7196
7187
7184
7172
7155
7149
7145
7138
7115
7110
7109
7019
6924
6911
6898
6896
6889
6877
6853
6811
6807
6805
6788
6779
6730
6718
6698
6676
6671
6665
6648
6604
6564
6553
6551
6545
6536
6504
6496
6493
6477
6474
6440
6364
6341
6275
6274
6274
6271
6263
6261
6242
6233
6226
6224
6204
6196
6144
6139
6136
6124
6094
6053
6046
6000
5994
5941
5938
5921
5896
5885
5880
5861
5832
5811
5783
5752
5728
5726
5724
5721
5704
5703
5699
5646
5634
5624
5601
5595
5593
5591
5581
5576
5561
5550
5543
5538
5530
5528
5526
5481
5434
5417
5408
5383
5333
5329
5324
5307
5298
5281
5263
5235
5189
5189
5188
5154
5134
5070
5028
5007
4979
4913
4868
4791
4788
4776
4775
4764
4758
4743
4728
4720
4692
4688
4663
4646
4544
4467
4429
4391
4389
4379
4378
4348
4331
4280
4247
4247
4230
4227
4215
4136
4133
4092
4081
4030
4010
4000
3997
3979
3970
3953
3951
3876
3862
3838
3830
3781
3712
3703
3693
3672
3663
3637
3618
3614
3611
3608
3599
3592
3526
3515
3513
3463
3456
3453
3449
3437
3426
3306
3295
3289
3259
3255
3244
3227
3202
3187
3180
3167
3166
3160
3152
3116
3101
3097
3090
3028
3018
3013
2950
2941
2924
2870
2864
2861
2842
2796
2762
2694
2642
2636
2610
2602
2539
2537
2522
2521
2502
2459
2428
2392
2354
2343
2332
2306
2304
2294
2223
2211
2179
2172
2169
2150
2138
2128
2119
2091
2040
2021
2006
1906
1878
1831
1826
1777
1749
1743
1733
1732
1724
1722
1714
1710
1698
1690
1673
1662
1614
1589
1570
1516
1496
1495
1492
1489
1438
1431
1413
1404
1404
1387
1360
1355
1341
1315
1271
1263
1217
1179
1140
1135
1126
1110
1049
1024
1018
1016
1011
1010
1007
982
938
887
805
799
773
762
756
751
723
676
639
627
627
618
613
573
570
552
511
494
487
484
473
451
413
371
354
352
344
329
296
292
265
256
255
215
151
123
116
83
52
40
38
29
